0 7
1 7
2 12
3 11
4 9
5 12
6 7
7 10
8 15
9 5
10 9
11 6
12 2
13 5
14 6
15 12
16 6
17 5
18 6
19 11
20 9
21 13
22 5
23 6
24 9
25 4
26 8
27 7
28 7
29 8
30 6
31 5
32 6
33 6
34 8
35 7
36 13
37 10
38 6
39 7
40 10
41 7
42 11
43 7
44 4
45 6
46 8
47 12
48 7
49 4
50 6
51 9
52 7
53 11
54 1
55 7
56 6
57 4
58 6
59 5
60 6
61 7
62 0
63 4
64 6
65 4
66 5
67 0
68 4
69 4
70 2
71 7
72 3
73 1
74 7
75 0
76 1
77 4
78 1
79 2
80 4
81 0
82 0
83 1
84 1
85 3
86 2
87 4
88 2
89 0
90 3
91 2
92 2
93 7
94 1
95 7
96 10
97 8
98 8
99 5
100 4
101 7
102 6
103 7
104 10
105 4
106 8
107 6
108 5
109 7
110 1
111 2
112 7
113 4
114 4
115 6
116 4
117 2
118 2
119 4
120 9
121 3
122 6
123 1
124 1
125 5
126 1
127 7
128 6
129 5
130 4
131 2
132 3
133 4
134 2
135 4
136 3
137 4
138 5
139 3
140 7
141 6
142 5
143 12
144 5
145 6
146 6
147 5
148 10
149 3
150 3
151 4
152 15
153 11
154 7
155 7
156 5
157 12
158 5
159 8
160 5
161 2
162 3
163 3
164 7
165 8
166 1
167 5
168 3
169 2
170 7
171 3
172 7
173 7
174 1
175 5
176 4
177 3
178 3
179 1
180 4
181 3
182 1
183 8
184 8
185 2
186 4
187 3
188 0
189 5
190 4
191 7
192 8
193 4
194 2
195 3
196 0
197 3
198 2
199 6
200 12
201 12
202 18
203 11
204 11
205 16
206 10
207 16
208 15
209 7
210 12
211 18
212 4
213 23
214 14
215 12
216 30
217 16
218 20
219 12
220 16
221 16
222 10
223 24
224 19
225 17
226 20
227 20
228 18
229 16
230 13
231 21
232 20
233 8
234 19
235 14
236 13
237 13
238 17
239 15
240 16
241 13
242 22
243 15
244 27
245 21
246 16
247 16
248 17
249 20
250 14
251 17
252 16
253 19
254 14
255 12
256 14
257 15
258 19
259 23
260 13
261 17
262 21
263 21
264 19
265 31
266 11
267 14
268 17
269 11
270 10
271 15
272 9
273 15
274 17
275 13
276 7
277 14
278 10
279 7
280 7
281 7
282 4
283 4
284 0
285 8
286 4
287 8
288 6
289 3
290 2
291 4
292 5
293 3
294 4
295 6
296 3
297 0
298 4
299 1
300 0
301 5
302 1
303 5
304 7
305 1
306 3
307 2
308 2
309 6
310 2
311 6
312 9
313 3
314 6
315 6
316 5
317 7
318 3
319 5
320 6
321 3
322 7
323 5
324 7
325 8
326 3
327 10
328 9
329 6
330 6
331 2
332 7
333 5
334 3
335 9
336 5
337 2
338 10
339 3
340 2
341 4
342 3
343 5
344 15
345 3
346 4
347 2
348 5
349 6
350 4
351 4
352 10
353 4
354 3
355 4
356 3
357 5
358 4
359 6
360 5
361 3
362 4
363 6
364 8
365 9
366 4
367 4
368 11
369 3
370 5
371 7
372 7
373 2
374 4
375 5
376 6
377 7
378 14
379 2
380 5
381 3
382 5
383 6
384 8
385 7
386 7
387 3
388 1
389 7
390 1
391 2
392 6
393 2
394 7
395 1
396 0
397 3
398 1
399 6
400 6
401 0
402 6
403 5
404 4
405 9
406 1
407 5
408 8
409 1
410 8
411 6
412 0
413 3
414 2
415 7
416 5
417 3
418 3
419 4
420 2
421 7
422 1
423 6
424 6
425 1
426 2
427 4
428 3
429 4
430 0
431 6
432 6
433 6
434 5
435 4
436 7
437 8
438 6
439 10
440 16
441 5
442 15
443 5
444 3
445 8
446 5
447 11
448 12
449 5
450 12
451 4
452 8
453 6
454 6
455 3
456 7
457 5
458 6
459 4
460 6
461 5
462 2
463 11
464 6
465 5
466 6
467 1
468 2
469 8
470 2
471 9
472 1
473 5
474 8
475 3
476 3
477 2
478 0
479 3
480 8
481 9
482 7
483 9
484 4
485 5
486 4
487 14
488 8
489 5
490 5
491 7
492 6
493 10
494 5
495 12
496 5
497 2
498 7
499 4
500 5
501 3
502 1
503 13
504 7
505 4
506 3
507 5
508 2
509 6
510 3
511 3
512 6
513 4
514 8
515 3
516 4
517 4
518 1
519 3
520 6
521 1
522 8
523 1
524 3
525 4
526 2
527 6
528 4
529 1
530 3
531 4
532 1
533 2
534 2
535 5
536 2
537 1
538 4
539 4
540 1
541 2
542 1
543 6
544 6
545 3
546 3
547 5
548 4
549 3
550 3
551 8
552 9
553 1
554 9
555 4
556 3
557 6
558 3
559 6
560 12
561 2
562 5
563 7
564 2
565 5
566 2
567 7
568 6
569 2
570 1
571 3
572 3
573 3
574 3
575 4
576 1
577 1
578 10
579 4
580 2
581 6
582 5
583 3
584 6
585 2
586 4
587 4
588 6
589 6
590 3
591 4
592 4
593 2
594 8
595 6
596 3
597 8
598 3
599 8
600 9
601 3
602 7
603 3
604 6
605 5
606 9
607 5
608 6
609 9
610 13
611 5
612 10
613 7
614 3
615 14
616 10
617 4
618 4
619 9
620 10
621 6
622 4
623 8
624 7
625 3
626 3
627 3
628 3
629 6
630 3
631 4
632 5
633 2
634 6
635 0
636 3
637 4
638 2
639 6
640 9
641 1
642 5
643 5
644 4
645 3
646 1
647 2
648 3
649 0
650 2
651 4
652 4
653 4
654 4
655 5
656 14
657 11
658 11
659 9
660 9
661 13
662 7
663 19
664 12
665 5
666 16
667 14
668 12
669 11
670 15
671 16
672 20
673 16
674 19
675 28
676 10
677 16
678 17
679 11
680 17
681 15
682 11
683 12
684 13
685 11
686 14
687 23
688 12
689 11
690 11
691 10
692 8
693 14
694 6
695 13
696 9
697 10
698 20
699 6
700 14
701 19
702 8
703 10
704 20
705 11
706 22
707 17
708 14
709 18
710 11
711 17
712 16
713 14
714 16
715 20
716 23
717 20
718 20
719 25
720 20
721 16
722 25
723 21
724 15
725 11
726 11
727 26
728 18
729 12
730 12
731 10
732 13
733 8
734 15
735 19
736 7
737 2
738 4
739 3
740 3
741 6
742 1
743 9
744 7
745 4
746 9
747 2
748 5
749 6
750 3
751 9
752 3
753 0
754 5
755 2
756 3
757 8
758 2
759 5
760 5
761 3
762 2
763 1
764 4
765 2
766 0
767 5
768 7
769 6
770 3
771 2
772 0
773 3
774 3
775 2
776 6
777 7
778 4
779 2
780 6
781 6
782 2
783 7
784 4
785 4
786 3
787 4
788 4
789 8
790 3
791 6
792 7
793 3
794 5
795 8
796 5
797 3
798 2
799 4
800 5
801 3
802 4
803 4
804 4
805 11
806 3
807 7
808 10
809 7
810 5
811 4
812 4
813 3
814 1
815 8
816 8
817 2
818 4
819 1
820 3
821 9
822 3
823 7
824 9
825 5
826 9
827 7
828 6
829 5
830 2
831 9
832 6
833 7
834 6
835 5
836 7
837 8
838 4
839 10
840 7
841 3
842 9
843 9
844 3
845 8
846 3
847 8
848 7
849 3
850 5
851 2
852 3
853 5
854 2
855 5
856 5
857 3
858 5
859 3
860 2
861 5
862 4
863 3
864 3
865 1
866 7
867 2
868 4
869 6
870 0
871 3
872 5
873 1
874 4
875 4
876 0
877 0
878 1
879 7
880 4
881 4
882 5
883 3
884 7
885 10
886 6
887 8
888 12
889 12
890 14
891 9
892 6
893 12
894 6
895 11
896 20
897 7
898 13
899 7
900 6
901 12
902 7
903 10
904 7
905 7
906 6
907 11
908 8
909 16
910 8
911 9
912 8
913 0
914 4
915 9
916 8
917 6
918 12
919 12
920 11
921 6
922 4
923 5
924 4
925 3
926 7
927 10
928 9
929 5
930 6
931 7
932 5
933 6
934 6
935 15
936 7
937 7
938 13
939 11
940 7
941 12
942 4
943 12
944 12
945 9
946 5
947 4
948 8
949 10
950 9
951 10
952 5
953 6
954 9
955 6
956 8
957 10
958 2
959 1
960 4
961 3
962 3
963 3
964 5
965 2
966 3
967 2
968 6
969 2
970 12
971 2
972 3
973 6
974 4
975 3
976 5
977 1
978 6
979 1
980 5
981 6
982 1
983 7
984 2
985 4
986 2
987 2
988 0
989 7
990 0
991 0
992 5
993 2
994 5
995 3
996 3
997 2
998 1
999 10
1000 7
1001 1
1002 2
1003 2
1004 2
1005 7
1006 7
1007 3
1008 8
1009 6
1010 4
1011 5
1012 3
1013 4
1014 4
1015 2
1016 6
1017 4
1018 2
1019 3
1020 2
1021 9
1022 2
1023 0
1024 6
1025 3
1026 4
1027 2
1028 4
1029 7
1030 1
1031 5
1032 10
1033 3
1034 5
1035 2
1036 7
1037 8
1038 0
1039 4
1040 8
1041 0
1042 4
1043 3
1044 5
1045 3
1046 1
1047 3
1048 4
1049 4
1050 10
1051 1
1052 5
1053 8
1054 2
1055 6
1056 7
1057 5
1058 4
1059 5
1060 4
1061 7
1062 6
1063 8
1064 9
1065 3
1066 5
1067 3
1068 4
1069 9
1070 5
1071 3
1072 11
1073 2
1074 7
1075 5
1076 7
1077 5
1078 1
1079 5
1080 5
1081 5
1082 8
1083 1
1084 0
1085 6
1086 4
1087 1
1088 8
1089 1
1090 1
1091 1
1092 3
1093 8
1094 1
1095 6
1096 4
1097 1
1098 8
1099 1
1100 6
1101 5
1102 4
1103 5
1104 5
1105 4
1106 4
1107 8
1108 5
1109 5
1110 4
1111 4
1112 13
1113 13
1114 17
1115 11
1116 14
1117 14
1118 9
1119 17
1120 22
1121 18
1122 19
1123 15
1124 12
1125 14
1126 16
1127 11
1128 30
1129 23
1130 17
1131 15
1132 16
1133 28
1134 20
1135 18
1136 19
1137 20
1138 20
1139 16
1140 24
1141 16
1142 19
1143 23
1144 18
1145 12
1146 9
1147 18
1148 14
1149 12
1150 14
1151 17
1152 16
1153 12
1154 22
1155 9
1156 13
1157 16
1158 10
1159 19
1160 20
1161 9
1162 29
1163 11
1164 19
1165 19
1166 12
1167 30
1168 22
1169 18
1170 20
1171 9
1172 21
1173 22
1174 24
1175 22
1176 15
1177 12
1178 14
1179 20
1180 13
1181 16
1182 14
1183 12
1184 16
1185 10
1186 13
1187 14
1188 6
1189 10
1190 4
1191 12
1192 9
1193 2
1194 9
1195 6
1196 4
1197 0
1198 3
1199 7
1200 13
1201 2
1202 4
1203 4
1204 2
1205 7
1206 3
1207 6
1208 4
1209 1
1210 5
1211 2
1212 2
1213 1
1214 0
1215 2
1216 5
1217 2
1218 2
1219 6
1220 1
1221 3
1222 1
1223 4
1224 5
1225 4
1226 5
1227 4
1228 3
1229 5
1230 4
1231 2
1232 9
1233 5
1234 5
1235 5
1236 3
1237 5
1238 4
1239 4
1240 5
1241 5
1242 8
1243 2
1244 5
1245 7
1246 4
1247 1
1248 8
1249 2
1250 3
1251 2
1252 1
1253 4
1254 2
1255 5
1256 4
1257 4
1258 3
1259 2
1260 3
1261 5
1262 6
1263 9
1264 8
1265 3
1266 4
1267 1
1268 11
1269 6
1270 0
1271 5
1272 4
1273 4
1274 4
1275 7
1276 7
1277 5
1278 7
1279 13
1280 6
1281 2
1282 7
1283 3
1284 2
1285 1
1286 7
1287 9
1288 8
1289 7
1290 12
1291 10
1292 3
1293 6
1294 4
1295 9
1296 11
1297 3
1298 7
1299 4
1300 4
1301 2
1302 3
1303 0
1304 6
1305 4
1306 7
1307 2
1308 5
1309 7
1310 2
1311 5
1312 5
1313 3
1314 5
1315 4
1316 0
1317 5
1318 1
1319 9
1320 5
1321 2
1322 7
1323 1
1324 2
1325 7
1326 5
1327 4
1328 10
1329 3
1330 1
1331 4
1332 1
1333 1
1334 2
1335 10
1336 4
1337 6
1338 6
1339 2
1340 8
1341 6
1342 2
1343 9
1344 16
1345 6
1346 5
1347 7
1348 11
1349 9
1350 10
1351 13
1352 8
1353 8
1354 14
1355 7
1356 12
1357 12
1358 4
1359 6
1360 12
1361 6
1362 4
1363 10
1364 12
1365 6
1366 6
1367 11
1368 10
1369 3
1370 4
1371 3
1372 8
1373 12
1374 5
1375 9
1376 13
1377 2
1378 2
1379 4
1380 2
1381 15
1382 7
1383 10
1384 5
1385 2
1386 8
1387 3
1388 6
1389 7
1390 4
1391 6
1392 10
1393 6
1394 6
1395 10
1396 8
1397 10
1398 3
1399 12
1400 11
1401 11
1402 6
1403 6
1404 5
1405 4
1406 3
1407 5
1408 9
1409 5
1410 9
1411 8
1412 7
1413 5
1414 1
1415 5
1416 4
1417 0
1418 7
1419 4
1420 4
1421 5
1422 1
1423 5
1424 5
1425 2
1426 3
1427 7
1428 3
1429 3
1430 1
1431 3
1432 5
1433 1
1434 3
1435 1
1436 1
1437 3
1438 2
1439 4
1440 5
1441 1
1442 1
1443 5
1444 3
1445 5
1446 2
1447 10
1448 7
1449 4
1450 4
1451 0
1452 3
1453 5
1454 3
1455 7
1456 6
1457 7
1458 3
1459 5
1460 3
1461 2
1462 2
1463 8
1464 7
1465 3
1466 3
1467 3
1468 3
1469 6
1470 2
1471 5
1472 11
1473 3
1474 4
1475 3
1476 1
1477 7
1478 1
1479 8
1480 7
1481 1
1482 7
1483 5
1484 5
1485 9
1486 0
1487 5
1488 12
1489 3
1490 4
1491 4
1492 3
1493 2
1494 1
1495 5
1496 4
1497 3
1498 6
1499 2
1500 7
1501 4
1502 2
1503 5
1504 5
1505 6
1506 7
1507 9
1508 6
1509 9
1510 5
1511 7
1512 9
1513 7
1514 6
1515 7
1516 5
1517 11
1518 3
1519 7
1520 9
1521 5
1522 5
1523 6
1524 2
1525 9
1526 4
1527 7
1528 6
1529 4
1530 7
1531 4
1532 4
1533 7
1534 4
1535 12
1536 6
1537 2
1538 5
1539 2
1540 4
1541 2
1542 5
1543 6
1544 5
1545 3
1546 5
1547 2
1548 1
1549 6
1550 2
1551 9
1552 3
1553 0
1554 5
1555 2
1556 5
1557 11
1558 3
1559 6
1560 4
1561 1
1562 4
1563 1
1564 0
1565 3
1566 3
1567 11
1568 7
1569 12
1570 12
1571 14
1572 11
1573 11
1574 9
1575 19
1576 20
1577 16
1578 14
1579 14
1580 17
1581 20
1582 11
1583 11
1584 17
1585 23
1586 19
1587 26
1588 18
1589 19
1590 22
1591 18
1592 25
1593 10
1594 18
1595 23
1596 12
1597 24
1598 11
1599 24
1600 13
1601 11
1602 14
1603 15
1604 10
1605 17
1606 7
1607 13
1608 17
1609 13
1610 11
1611 11
1612 11
1613 13
1614 13
1615 16
1616 8
1617 13
1618 10
1619 8
1620 12
1621 5
1622 8
1623 11
1624 11
1625 12
1626 9
1627 15
1628 13
1629 15
1630 10
1631 17
1632 10
1633 10
1634 8
1635 6
1636 13
1637 5
1638 2
1639 13
1640 9
1641 3
1642 3
1643 3
1644 4
1645 7
1646 3
1647 3
1648 8
1649 0
1650 5
1651 2
1652 2
1653 6
1654 2
1655 8
1656 8
1657 0
1658 8
1659 1
1660 4
1661 5
1662 0
1663 3
1664 3
1665 5
1666 3
1667 2
1668 6
1669 8
1670 1
1671 6
1672 4
1673 2
1674 3
1675 3
1676 2
1677 2
1678 0
1679 4
1680 7
1681 3
1682 3
1683 1
1684 2
1685 3
1686 2
1687 4
1688 11
1689 10
1690 6
1691 4
1692 3
1693 5
1694 1
1695 13
1696 3
1697 5
1698 6
1699 1
1700 2
1701 9
1702 4
1703 7
1704 15
1705 2
1706 5
1707 3
1708 3
1709 5
1710 3
1711 8
1712 7
1713 2
1714 7
1715 1
1716 2
1717 6
1718 3
1719 6
1720 2
1721 2
1722 9
1723 3
1724 5
1725 8
1726 2
1727 5
1728 10
1729 3
1730 9
1731 6
1732 4
1733 8
1734 8
1735 6
1736 3
1737 5
1738 7
1739 10
1740 2
1741 11
1742 4
1743 6
1744 9
1745 6
1746 9
1747 12
1748 6
1749 3
1750 6
1751 6
1752 9
1753 2
1754 6
1755 5
1756 4
1757 9
1758 5
1759 10
1760 7
1761 1
1762 6
1763 1
1764 6
1765 1
1766 6
1767 6
1768 5
1769 1
1770 3
1771 4
1772 1
1773 6
1774 2
1775 1
1776 6
1777 1
1778 5
1779 0
1780 2
1781 5
1782 2
1783 3
1784 3
1785 0
1786 5
1787 3
1788 5
1789 7
1790 1
1791 5
1792 5
1793 2
1794 11
1795 6
1796 7
1797 7
1798 2
1799 7
1800 18
1801 7
1802 9
1803 4
1804 10
1805 15
1806 7
1807 10
1808 13
1809 11
1810 11
1811 8
1812 4
1813 19
1814 1
1815 11
1816 18
1817 8
1818 9
1819 9
1820 11
1821 9
1822 7
1823 13
1824 10
1825 2
1826 8
1827 3
1828 5
1829 11
1830 8
1831 8
1832 10
1833 6
1834 12
1835 11
1836 7
1837 9
1838 9
1839 7
1840 7
1841 4
1842 1
1843 0
1844 4
1845 7
1846 6
1847 6
1848 9
1849 5
1850 10
1851 8
1852 5
1853 6
1854 2
1855 10
1856 7
1857 7
1858 6
1859 5
1860 8
1861 6
1862 7
1863 8
1864 7
1865 0
1866 6
1867 7
1868 2
1869 8
1870 3
1871 8
1872 5
1873 2
1874 9
1875 4
1876 5
1877 3
1878 3
1879 8
1880 4
1881 2
1882 5
1883 1
1884 3
1885 5
1886 4
1887 3
1888 4
1889 3
1890 3
1891 1
1892 2
1893 9
1894 0
1895 7
1896 3
1897 1
1898 1
1899 2
1900 2
1901 7
1902 1
1903 12
1904 8
1905 4
1906 6
1907 5
1908 2
1909 4
1910 3
1911 8
1912 10
1913 2
1914 1
1915 3
1916 3
1917 5
1918 2
1919 7
1920 11
1921 3
1922 9
1923 3
1924 8
1925 4
1926 2
1927 6
1928 10
1929 5
1930 5
1931 0
1932 1
1933 5
1934 2
1935 10
1936 1
1937 2
1938 3
1939 2
1940 4
1941 8
1942 7
1943 8
1944 5
1945 3
1946 5
1947 0
1948 3
1949 4
1950 2
1951 14
1952 7
1953 2
1954 7
1955 4
1956 5
1957 4
1958 6
1959 9
1960 6
1961 7
1962 13
1963 8
1964 8
1965 2
1966 4
1967 8
1968 5
1969 8
1970 11
1971 5
1972 9
1973 8
1974 10
1975 4
1976 9
1977 5
1978 3
1979 0
1980 3
1981 8
1982 4
1983 3
1984 1
1985 1
1986 8
1987 2
1988 6
1989 0
1990 1
1991 6
1992 4
1993 4
1994 5
1995 1
1996 5
1997 6
1998 7
1999 4
2000 10
2001 3
2002 4
2003 4
2004 1
2005 3
2006 0
2007 7
2008 7
2009 0
2010 3
2011 9
2012 2
2013 3
2014 6
2015 15
2016 7
2017 10
2018 8
2019 4
2020 4
2021 9
2022 2
2023 6
2024 14
2025 13
2026 16
2027 16
2028 9
2029 15
2030 12
2031 23
2032 19
2033 9
2034 13
2035 20
2036 13
2037 20
2038 10
2039 13
2040 8
2041 7
2042 13
2043 4
2044 11
2045 13
2046 9
2047 17
2048 14
2049 8
2050 14
2051 14
2052 8
2053 25
2054 7
2055 10
2056 7
2057 10
2058 10
2059 13
2060 11
2061 21
2062 13
2063 18
2064 15
2065 14
2066 14
2067 16
2068 17
2069 12
2070 10
2071 26
2072 25
2073 9
2074 28
2075 16
2076 22
2077 28
2078 20
2079 24
2080 27
2081 12
2082 20
2083 16
2084 15
2085 19
2086 19
2087 20
2088 15
2089 15
2090 9
2091 7
2092 7
2093 10
2094 9
2095 16
2096 6
2097 3
2098 5
2099 7
2100 0
2101 2
2102 2
2103 1
2104 2
2105 0
2106 6
2107 5
2108 3
2109 7
2110 0
2111 8
2112 6
2113 2
2114 4
2115 3
2116 2
2117 2
2118 1
2119 6
2120 7
2121 0
2122 4
2123 2
2124 2
2125 4
2126 1
2127 6
2128 2
2129 0
2130 2
2131 6
2132 4
2133 4
2134 7
2135 3
2136 8
2137 3
2138 4
2139 5
2140 5
2141 4
2142 2
2143 4
2144 8
2145 4
2146 7
2147 6
2148 3
2149 9
2150 2
2151 5
2152 12
2153 4
2154 5
2155 2
2156 2
2157 6
2158 3
2159 5
2160 5
2161 4
2162 8
2163 4
2164 4
2165 5
2166 4
2167 4
2168 6
2169 4
2170 4
2171 4
2172 2
2173 6
2174 3
2175 3
2176 5
2177 3
2178 7
2179 5
2180 5
2181 7
2182 1
2183 7
2184 11
2185 2
2186 9
2187 5
2188 2
2189 4
2190 4
2191 8
2192 7
2193 10
2194 12
2195 6
2196 4
2197 5
2198 4
2199 15
2200 4
2201 11
2202 11
2203 9
2204 7
2205 9
2206 4
2207 12
2208 12
2209 4
2210 5
2211 6
2212 8
2213 6
2214 6
2215 7
2216 10
2217 6
2218 4
2219 4
2220 5
2221 6
2222 5
2223 6
2224 7
2225 7
2226 6
2227 3
2228 2
2229 7
2230 3
2231 9
2232 7
2233 3
2234 4
2235 3
2236 2
2237 7
2238 0
2239 6
2240 5
2241 1
2242 4
2243 1
2244 3
2245 5
2246 3
2247 13
2248 12
2249 1
2250 4
2251 3
2252 7
2253 10
2254 8
2255 8
2256 10
2257 9
2258 11
2259 9
2260 5
2261 11
2262 5
2263 17
2264 7
2265 9
2266 10
2267 15
2268 13
2269 13
2270 7
2271 14
2272 11
2273 15
2274 13
2275 4
2276 8
2277 11
2278 8
2279 10
2280 12
2281 2
2282 12
2283 7
2284 4
2285 5
2286 5
2287 7
2288 7
2289 3
2290 12
2291 4
2292 5
2293 11
2294 2
2295 9
2296 5
2297 7
2298 9
2299 1
2300 8
2301 9
2302 6
2303 6
2304 5
2305 6
2306 9
2307 8
2308 9
2309 12
2310 5
2311 13
2312 15
2313 7
2314 6
2315 8
2316 6
2317 10
2318 8
2319 6
2320 9
2321 3
2322 8
2323 2
2324 5
2325 7
2326 8
2327 7
2328 7
2329 2
2330 5
2331 3
2332 2
2333 4
2334 2
2335 7
2336 14
2337 2
2338 5
2339 5
2340 2
2341 6
2342 1
2343 9
2344 1
2345 4
2346 0
2347 4
2348 3
2349 9
2350 1
2351 5
2352 6
2353 2
2354 4
2355 1
2356 2
2357 4
2358 2
2359 9
2360 6
2361 8
2362 6
2363 1
2364 2
2365 2
2366 3
2367 11
2368 7
2369 5
2370 3
2371 7
2372 7
2373 6
2374 6
2375 8
2376 9
2377 3
2378 6
2379 2
2380 1
2381 4
2382 3
2383 5
2384 5
2385 5
2386 7
2387 2
2388 7
2389 5
2390 2
2391 11
2392 6
2393 1
2394 5
2395 4
2396 2
2397 4
2398 2
2399 4
2400 6
2401 6
2402 4
2403 2
2404 7
2405 5
2406 4
2407 6
2408 9
2409 2
2410 5
2411 3
2412 5
2413 7
2414 4
2415 6
2416 3
2417 3
2418 9
2419 6
2420 6
2421 5
2422 3
2423 10
2424 9
2425 7
2426 9
2427 10
2428 5
2429 11
2430 2
2431 12
2432 10
2433 3
2434 3
2435 3
2436 5
2437 9
2438 0
2439 4
2440 4
2441 5
2442 2
2443 7
2444 2
2445 3
2446 1
2447 1
2448 6
2449 0
2450 3
2451 3
2452 9
2453 6
2454 1
2455 6
2456 4
2457 3
2458 7
2459 2
2460 2
2461 2
2462 3
2463 6
2464 5
2465 2
2466 3
2467 4
2468 0
2469 2
2470 2
2471 5
2472 7
2473 3
2474 5
2475 7
2476 4
2477 9
2478 5
2479 16
2480 15
2481 12
2482 17
2483 24
2484 11
2485 21
2486 14
2487 16
2488 23
2489 17
2490 21
2491 13
2492 10
2493 22
2494 10
2495 16
2496 9
2497 10
2498 9
2499 12
2500 8
2501 9
2502 13
2503 11
2504 13
2505 15
2506 14
2507 13
2508 17
2509 14
2510 9
2511 16
2512 12
2513 9
2514 11
2515 15
2516 9
2517 9
2518 12
2519 10
2520 15
2521 9
2522 13
2523 13
2524 13
2525 11
2526 15
2527 20
2528 17
2529 16
2530 22
2531 19
2532 13
2533 16
2534 17
2535 17
2536 19
2537 10
2538 16
2539 18
2540 11
2541 12
2542 15
2543 14
2544 16
2545 4
2546 9
2547 5
2548 5
2549 9
2550 8
2551 11
2552 5
2553 5
2554 4
2555 3
2556 4
2557 5
2558 2
2559 2
2560 9
2561 3
2562 5
2563 3
2564 3
2565 8
2566 1
2567 5
2568 4
2569 1
2570 5
2571 2
2572 5
2573 4
2574 1
2575 5
2576 2
2577 0
2578 5
2579 2
2580 3
2581 5
2582 2
2583 5
2584 2
2585 3
2586 4
2587 1
2588 3
2589 5
2590 2
2591 5
2592 17
2593 4
2594 5
2595 2
2596 4
2597 2
2598 3
2599 6
2600 8
2601 3
2602 4
2603 3
2604 2
2605 5
2606 3
2607 7
2608 8
2609 2
2610 6
2611 2
2612 4
2613 7
2614 3
2615 7
2616 16
2617 4
2618 8
2619 6
2620 4
2621 3
2622 3
2623 4
2624 7
2625 7
2626 6
2627 5
2628 3
2629 3
2630 1
2631 10
2632 6
2633 6
2634 6
2635 7
2636 8
2637 11
2638 9
2639 12
2640 7
2641 2
2642 8
2643 0
2644 7
2645 4
2646 4
2647 11
2648 6
2649 2
2650 3
2651 4
2652 3
2653 9
2654 4
2655 11
2656 6
2657 4
2658 14
2659 6
2660 7
2661 12
2662 3
2663 4
2664 8
2665 3
2666 2
2667 4
2668 0
2669 4
2670 1
2671 4
2672 2
2673 3
2674 4
2675 2
2676 2
2677 5
2678 4
2679 6
2680 4
2681 1
2682 6
2683 2
2684 1
2685 6
2686 4
2687 5
2688 3
2689 0
2690 4
2691 1
2692 1
2693 3
2694 4
2695 6
2696 6
2697 1
2698 5
2699 3
2700 2
2701 6
2702 1
2703 7
2704 6
2705 5
2706 6
2707 3
2708 4
2709 4
2710 2
2711 11
2712 6
2713 8
2714 10
2715 3
2716 10
2717 11
2718 5
2719 10
2720 13
2721 7
2722 13
2723 6
2724 8
2725 16
2726 10
2727 10
2728 11
2729 10
2730 7
2731 10
2732 7
2733 10
2734 9
2735 14
2736 6
2737 7
2738 6
2739 5
2740 4
2741 6
2742 6
2743 13
2744 8
2745 3
2746 7
2747 4
2748 7
2749 14
2750 4
2751 6
2752 11
2753 3
2754 5
2755 1
2756 4
2757 10
2758 2
2759 11
2760 4
2761 4
2762 14
2763 2
2764 4
2765 14
2766 12
2767 10
2768 5
2769 4
2770 10
2771 11
2772 9
2773 7
2774 7
2775 11
2776 9
2777 3
2778 7
2779 6
2780 6
2781 6
2782 4
2783 10
2784 10
2785 5
2786 6
2787 5
2788 5
2789 8
2790 3
2791 3
2792 9
2793 4
2794 6
2795 2
2796 5
2797 5
2798 3
2799 6
2800 6
2801 1
2802 5
2803 4
2804 1
2805 6
2806 1
2807 4
2808 3
2809 2
2810 1
2811 0
2812 0
2813 8
2814 3
2815 2
2816 9
2817 1
2818 6
2819 6
2820 4
2821 5
2822 3
2823 5
2824 5
2825 2
2826 8
2827 2
2828 4
2829 6
2830 2
2831 12
2832 4
2833 4
2834 10
2835 2
2836 3
2837 7
2838 7
2839 4
2840 8
2841 6
2842 7
2843 4
2844 3
2845 6
2846 4
2847 6
2848 9
2849 3
2850 5
2851 6
2852 2
2853 1
2854 2
2855 4
2856 7
2857 0
2858 7
2859 4
2860 4
2861 7
2862 4
2863 2
2864 10
2865 5
2866 9
2867 5
2868 2
2869 8
2870 4
2871 7
2872 4
2873 6
2874 7
2875 5
2876 5
2877 10
2878 5
2879 3
2880 5
2881 6
2882 6
2883 12
2884 4
2885 10
2886 9
2887 16
2888 6
2889 3
2890 8
2891 5
2892 5
2893 7
2894 1
2895 7
2896 9
2897 4
2898 5
2899 2
2900 3
2901 5
2902 1
2903 6
2904 10
2905 2
2906 8
2907 1
2908 2
2909 8
2910 3
2911 1
2912 8
2913 0
2914 4
2915 3
2916 3
2917 3
2918 1
2919 4
2920 8
2921 3
2922 5
2923 1
2924 6
2925 2
2926 4
2927 1
2928 7
2929 1
2930 9
2931 6
2932 7
2933 6
2934 4
2935 10
2936 18
2937 18
2938 12
2939 15
2940 12
2941 20
2942 8
2943 18
2944 19
2945 18
2946 18
2947 19
2948 15
2949 19
2950 11
2951 18
2952 19
2953 11
2954 16
2955 14
2956 14
2957 20
2958 8
2959 7
2960 23
2961 10
2962 16
2963 9
2964 15
2965 8
2966 9
2967 14
2968 16
2969 13
2970 14
2971 10
2972 6
2973 13
2974 11
2975 11
2976 18
2977 7
2978 10
2979 14
2980 16
2981 22
2982 16
2983 20
2984 18
2985 13
2986 25
2987 12
2988 18
2989 19
2990 12
2991 23
2992 17
2993 18
2994 20
2995 15
2996 25
2997 21
2998 15
2999 14
3000 8
3001 11
3002 9
3003 7
3004 9
3005 10
3006 8
3007 7
3008 8
3009 5
3010 7
3011 5
3012 2
3013 6
3014 2
3015 6
3016 7
3017 1
3018 6
3019 1
3020 4
3021 11
3022 1
3023 10
3024 5
3025 2
3026 7
3027 3
3028 2
3029 4
3030 1
3031 6
3032 10
3033 2
3034 3
3035 2
3036 5
3037 5
3038 2
3039 9
3040 7
3041 7
3042 2
3043 2
3044 3
3045 8
3046 4
3047 5
3048 6
3049 5
3050 6
3051 2
3052 5
3053 4
3054 4
3055 9
3056 7
3057 5
3058 9
3059 2
3060 8
3061 6
3062 5
3063 5
3064 13
3065 5
3066 6
3067 5
3068 5
3069 5
3070 3
3071 9
3072 8
3073 4
3074 6
3075 2
3076 2
3077 4
3078 1
3079 4
3080 5
3081 6
3082 7
3083 6
3084 6
3085 7
3086 6
3087 16
3088 2
3089 4
3090 7
3091 6
3092 6
3093 8
3094 3
3095 8
3096 4
3097 5
3098 8
3099 3
3100 6
3101 5
3102 2
3103 14
3104 9
3105 4
3106 8
3107 9
3108 9
3109 10
3110 6
3111 18
3112 4
3113 3
3114 4
3115 5
3116 6
3117 10
3118 1
3119 1
3120 4
3121 2
3122 5
3123 5
3124 3
3125 4
3126 1
3127 3
3128 4
3129 2
3130 4
3131 5
3132 4
3133 3
3134 1
3135 7
3136 3
3137 1
3138 3
3139 2
3140 2
3141 4
3142 4
3143 8
3144 1
3145 1
3146 5
3147 8
3148 1
3149 2
3150 3
3151 5
3152 4
3153 5
3154 14
3155 7
3156 2
3157 12
3158 2
3159 7
3160 10
3161 11
3162 6
3163 7
3164 9
3165 10
3166 10
3167 10
3168 20
3169 4
3170 12
3171 12
3172 9
3173 8
3174 9
3175 6
3176 16
3177 8
3178 12
3179 13
3180 6
3181 4
3182 9
3183 11
3184 9
3185 7
3186 5
3187 4
3188 5
3189 7
3190 6
3191 11
3192 9
3193 3
3194 8
3195 4
3196 6
3197 10
3198 2
3199 10
3200 6
3201 3
3202 7
3203 4
3204 7
3205 10
3206 9
3207 9
3208 3
3209 4
3210 11
3211 5
3212 3
3213 9
3214 4
3215 10
3216 10
3217 3
3218 7
3219 9
3220 6
3221 6
3222 7
3223 10
3224 7
3225 4
3226 9
3227 8
3228 5
3229 8
3230 3
3231 8
3232 6
3233 1
3234 1
3235 2
3236 2
3237 3
3238 6
3239 2
3240 10
3241 1
3242 3
3243 5
3244 2
3245 5
3246 1
3247 6
3248 6
3249 2
3250 5
3251 4
3252 4
3253 5
3254 1
3255 4
3256 5
3257 2
3258 3
3259 2
3260 2
3261 1
3262 3
3263 10
3264 6
3265 2
3266 6
3267 5
3268 2
3269 3
3270 0
3271 7
3272 4
3273 5
3274 4
3275 2
3276 5
3277 3
3278 3
3279 4
3280 7
3281 3
3282 7
3283 6
3284 5
3285 8
3286 4
3287 8
3288 8
3289 8
3290 10
3291 2
3292 1
3293 3
3294 5
3295 10
3296 8
3297 3
3298 5
3299 2
3300 3
3301 3
3302 3
3303 5
3304 8
3305 2
3306 5
3307 4
3308 6
3309 5
3310 2
3311 7
3312 11
3313 1
3314 11
3315 3
3316 4
3317 11
3318 4
3319 5
3320 5
3321 4
3322 9
3323 2
3324 8
3325 7
3326 6
3327 11
3328 6
3329 5
3330 6
3331 2
3332 5
3333 9
3334 6
3335 8
3336 6
3337 8
3338 9
3339 5
3340 2
3341 3
3342 2
3343 11
3344 6
3345 6
3346 5
3347 4
3348 5
3349 8
3350 3
3351 9
3352 5
3353 2
3354 3
3355 3
3356 3
3357 1
3358 3
3359 4
3360 7
3361 0
3362 2
3363 2
3364 7
3365 9
3366 1
3367 2
3368 4
3369 2
3370 3
3371 3
3372 4
3373 5
3374 2
3375 4
3376 6
3377 2
3378 7
3379 1
3380 1
3381 3
3382 2
3383 6
3384 8
3385 3
3386 8
3387 8
3388 9
3389 9
3390 6
3391 13
3392 21
3393 10
3394 21
3395 17
3396 12
3397 17
3398 11
3399 16
3400 22
3401 12
3402 8
3403 19
3404 14
3405 17
3406 14
3407 18
3408 12
3409 10
3410 17
3411 15
3412 14
3413 7
3414 11
3415 15
3416 16
3417 10
3418 16
3419 14
3420 8
3421 10
3422 8
3423 12
3424 15
3425 5
3426 7
3427 12
3428 4
3429 12
3430 7
3431 13
3432 18
3433 11
3434 15
3435 12
3436 16
3437 12
3438 11
3439 18
3440 14
3441 13
3442 27
3443 16
3444 14
3445 10
3446 14
3447 23
3448 17
3449 12
3450 18
3451 13
3452 9
3453 17
3454 13
3455 14
3456 9
3457 7
3458 9
3459 8
3460 14
3461 12
3462 6
3463 9
3464 7
3465 4
3466 4
3467 3
3468 5
3469 2
3470 2
3471 7
3472 3
3473 1
3474 4
3475 6
3476 6
3477 3
3478 2
3479 6
3480 7
3481 2
3482 5
3483 2
3484 2
3485 6
3486 0
3487 5
3488 6
3489 1
3490 6
3491 1
3492 3
3493 2
3494 3
3495 13
3496 3
3497 2
3498 6
3499 8
3500 3
3501 11
3502 2
3503 9
3504 16
3505 5
3506 7
3507 2
3508 3
3509 6
3510 2
3511 2
3512 6
3513 5
3514 4
3515 10
3516 5
3517 11
3518 2
3519 4
3520 5
3521 2
3522 3
3523 3
3524 2
3525 6
3526 0
3527 5
3528 4
3529 7
3530 1
3531 4
3532 2
3533 7
3534 3
3535 9
3536 10
3537 4
3538 9
3539 3
3540 8
3541 4
3542 3
3543 6
3544 7
3545 2
3546 6
3547 4
3548 5
3549 2
3550 7
3551 8
3552 7
3553 6
3554 7
3555 6
3556 2
3557 8
3558 3
3559 15
3560 10
3561 9
3562 5
3563 3
3564 7
3565 9
3566 10
3567 9
3568 7
3569 3
3570 6
3571 6
3572 3
3573 9
3574 2
3575 1
3576 6
3577 6
3578 7
3579 2
3580 2
3581 2
3582 1
3583 4
3584 7
3585 2
3586 4
3587 2
3588 5
3589 5
3590 0
3591 5
3592 2
3593 3
3594 4
3595 5
3596 3
3597 6
3598 6
3599 7
3600 5
3601 1
3602 1
3603 3
3604 3
3605 5
3606 2
3607 6
3608 8
3609 5
3610 7
3611 10
3612 2
3613 3
3614 3
3615 8
3616 9
3617 8
3618 11
3619 8
3620 13
3621 12
3622 11
3623 15
3624 13
3625 7
3626 11
3627 10
3628 8
3629 7
3630 8
3631 9
3632 15
3633 6
3634 7
3635 9
3636 14
3637 10
3638 5
3639 12
3640 10
3641 4
3642 7
3643 7
3644 5
3645 6
3646 5
3647 7
3648 12
3649 2
3650 9
3651 4
3652 6
3653 8
3654 6
3655 10
3656 10
3657 3
3658 9
3659 9
3660 6
3661 5
3662 6
3663 7
3664 9
3665 4
3666 14
3667 7
3668 4
3669 14
3670 2
3671 5
3672 9
3673 9
3674 4
3675 8
3676 3
3677 5
3678 7
3679 8
3680 7
3681 5
3682 10
3683 5
3684 5
3685 7
3686 5
3687 5
3688 7
3689 4
3690 5
3691 0
3692 1
3693 5
3694 2
3695 5
3696 5
3697 1
3698 4
3699 0
3700 3
3701 4
3702 2
3703 9
3704 5
3705 0
3706 1
3707 4
3708 1
3709 5
3710 1
3711 4
3712 2
3713 3
3714 5
3715 2
3716 2
3717 4
3718 5
3719 7
3720 6
3721 2
3722 4
3723 2
3724 3
3725 3
3726 3
3727 9
3728 9
3729 4
3730 2
3731 2
3732 5
3733 4
3734 2
3735 11
3736 11
3737 2
3738 10
3739 2
3740 4
3741 5
3742 2
3743 4
3744 4
3745 0
3746 1
3747 3
3748 2
3749 13
3750 4
3751 7
3752 4
3753 3
3754 9
3755 7
3756 4
3757 6
3758 2
3759 3
3760 4
3761 1
3762 4
3763 4
3764 0
3765 5
3766 2
3767 4
3768 9
3769 0
3770 8
3771 4
3772 10
3773 9
3774 6
3775 8
3776 5
3777 1
3778 5
3779 0
3780 12
3781 9
3782 5
3783 10
3784 7
3785 8
3786 11
3787 5
3788 3
3789 6
3790 9
3791 7
3792 10
3793 12
3794 5
3795 6
3796 7
3797 7
3798 7
3799 6
3800 5
3801 3
3802 2
3803 5
3804 2
3805 4
3806 2
3807 8
3808 6
3809 2
3810 6
3811 3
3812 5
3813 7
3814 2
3815 6
3816 7
3817 0
3818 1
3819 3
3820 2
3821 7
3822 3
3823 4
3824 4
3825 1
3826 3
3827 2
3828 5
3829 8
3830 3
3831 3
3832 1
3833 3
3834 3
3835 4
3836 1
3837 4
3838 5
3839 5
3840 9
3841 7
3842 8
3843 7
3844 4
3845 7
3846 1
3847 17
3848 16
3849 13
3850 23
3851 11
3852 21
3853 12
3854 9
3855 18
3856 18
3857 10
3858 22
3859 24
3860 17
3861 14
3862 12
3863 14
3864 16
3865 10
3866 15
3867 9
3868 8
3869 12
3870 13
3871 6
3872 15
3873 10
3874 10
3875 13
3876 12
3877 10
3878 11
3879 14
3880 12
3881 5
3882 12
3883 8
3884 16
3885 14
3886 11
3887 11
3888 24
3889 18
3890 20
3891 23
3892 14
3893 22
3894 14
3895 20
3896 13
3897 20
3898 12
3899 20
3900 16
3901 12
3902 19
3903 20
3904 16
3905 20
3906 17
3907 12
3908 18
3909 24
3910 13
3911 19
3912 16
3913 14
3914 8
3915 8
3916 6
3917 10
3918 7
3919 17
3920 12
3921 3
3922 5
3923 5
3924 5
3925 8
3926 7
3927 7
3928 6
3929 1
3930 5
3931 5
3932 1
3933 7
3934 3
3935 3
3936 3
3937 0
3938 3
3939 1
3940 2
3941 3
3942 0
3943 2
3944 3
3945 0
3946 8
3947 2
3948 3
3949 3
3950 2
3951 2
3952 2
3953 2
3954 3
3955 6
3956 7
3957 5
3958 1
3959 3
3960 6
3961 2
3962 6
3963 2
3964 1
3965 3
3966 3
3967 6
3968 8
3969 3
3970 2
3971 8
3972 4
3973 8
3974 6
3975 6
3976 9
3977 4
3978 4
3979 2
3980 4
3981 7
3982 0
3983 8
3984 6
3985 3
3986 5
3987 3
3988 4
3989 8
3990 2
3991 4
3992 12
3993 4
3994 4
3995 7
3996 2
3997 11
3998 1
3999 3
4000 8
4001 3
4002 4
4003 5
4004 5
4005 6
4006 3
4007 10
4008 5
4009 7
4010 15
4011 9
4012 3
4013 8
4014 2
4015 8
4016 9
4017 5
4018 5
4019 3
4020 7
4021 10
4022 5
4023 5
4024 6
4025 3
4026 7
4027 5
4028 7
4029 6
4030 4
4031 4
4032 9
4033 7
4034 5
4035 1
4036 1
4037 2
4038 0
4039 6
4040 8
4041 1
4042 3
4043 1
4044 2
4045 7
4046 2
4047 4
4048 7
4049 0
4050 2
4051 6
4052 2
4053 3
4054 1
4055 4
4056 5
4057 1
4058 0
4059 0
4060 5
4061 3
4062 2
4063 6
4064 9
4065 6
4066 10
4067 2
4068 4
4069 5
4070 4
4071 11
4072 11
4073 10
4074 5
4075 6
4076 13
4077 15
4078 6
4079 12
4080 13
4081 6
4082 7
4083 9
4084 12
4085 11
4086 8
4087 9
4088 13
4089 6
4090 10
4091 7
4092 13
4093 8
4094 6
4095 7
4096 3
4097 3
4098 8
4099 5
4100 2
4101 6
4102 7
4103 4
4104 8
4105 3
4106 9
4107 2
4108 3
4109 14
4110 6
4111 9
4112 10
4113 8
4114 11
4115 5
4116 5
4117 9
4118 4
4119 5
4120 7
4121 6
4122 10
4123 9
4124 6
4125 6
4126 4
4127 11
4128 12
4129 2
4130 5
4131 7
4132 14
4133 12
4134 11
4135 11
4136 6
4137 2
4138 5
4139 2
4140 7
4141 11
4142 2
4143 2
4144 8
4145 1
4146 8
4147 3
4148 2
4149 4
4150 2
4151 5
4152 11
4153 0
4154 5
4155 0
4156 4
4157 5
4158 7
4159 5
4160 7
4161 1
4162 7
4163 3
4164 4
4165 5
4166 5
4167 8
4168 1
4169 1
4170 2
4171 0
4172 4
4173 4
4174 3
4175 3
4176 12
4177 2
4178 4
4179 2
4180 1
4181 6
4182 2
4183 10
4184 12
4185 5
4186 4
4187 5
4188 5
4189 4
4190 5
4191 7
4192 16
4193 6
4194 4
4195 6
4196 8
4197 8
4198 4
4199 4
4200 5
4201 5
4202 5
4203 5
4204 3
4205 7
4206 3
4207 7
4208 9
4209 3
4210 8
4211 2
4212 2
4213 8
4214 5
4215 10
4216 8
4217 3
4218 4
4219 2
4220 5
4221 8
4222 2
4223 14
4224 6
4225 4
4226 7
4227 5
4228 13
4229 9
4230 4
4231 7
4232 9
4233 3
4234 11
4235 2
4236 5
4237 7
4238 5
4239 11
4240 12
4241 9
4242 9
4243 5
4244 8
4245 8
4246 6
4247 7
4248 7
4249 7
4250 9
4251 1
4252 5
4253 10
4254 4
4255 3
4256 6
4257 3
4258 7
4259 4
4260 4
4261 3
4262 3
4263 5
4264 4
4265 2
4266 3
4267 4
4268 2
4269 8
4270 1
4271 6
4272 2
4273 2
4274 10
4275 1
4276 6
4277 5
4278 1
4279 4
4280 7
4281 4
4282 4
4283 2
4284 3
4285 5
4286 6
4287 9
4288 2
4289 0
4290 4
4291 0
4292 2
4293 4
4294 2
4295 7
4296 9
4297 5
4298 6
4299 6
4300 6
4301 9
4302 4
4303 6
4304 12
4305 12
4306 12
4307 19
4308 11
4309 13
4310 12
4311 18
4312 12
4313 14
4314 5
4315 12
4316 9
4317 14
4318 11
4319 16
4320 20
4321 13
4322 13
4323 16
4324 12
4325 18
4326 6
4327 9
4328 16
4329 15
4330 16
4331 21
4332 16
4333 20
4334 8
4335 15
4336 17
4337 11
4338 20
4339 19
4340 21
4341 20
4342 19
4343 26
4344 21
4345 19
4346 23
4347 16
4348 15
4349 25
4350 17
4351 30
4352 7
4353 17
4354 20
4355 15
4356 9
4357 18
4358 14
4359 21
4360 19
4361 9
4362 10
4363 7
4364 7
4365 9
4366 9
4367 9
4368 6
4369 4
4370 4
4371 7
4372 6
4373 2
4374 3
4375 11
4376 14
4377 8
4378 7
4379 0
4380 2
4381 2
4382 3
4383 6
4384 4
4385 0
4386 9
4387 1
4388 2
4389 4
4390 5
4391 5
4392 3
4393 4
4394 6
4395 2
4396 2
4397 3
4398 1
4399 7
4400 8
4401 1
4402 2
4403 5
4404 3
4405 5
4406 3
4407 5
4408 4
4409 5
4410 9
4411 3
4412 1
4413 1
4414 3
4415 11
4416 9
4417 6
4418 4
4419 5
4420 3
4421 6
4422 6
4423 10
4424 7
4425 3
4426 3
4427 1
4428 3
4429 3
4430 4
4431 6
4432 13
4433 5
4434 6
4435 1
4436 8
4437 6
4438 1
4439 5
4440 8
4441 6
4442 7
4443 2
4444 4
4445 7
4446 2
4447 9
4448 8
4449 6
4450 7
4451 1
4452 5
4453 7
4454 4
4455 9
4456 7
4457 6
4458 3
4459 6
4460 3
4461 10
4462 4
4463 10
4464 5
4465 2
4466 7
4467 5
4468 5
4469 12
4470 7
4471 8
4472 12
4473 4
4474 9
4475 5
4476 5
4477 8
4478 7
4479 6
4480 4
4481 3
4482 5
4483 4
4484 8
4485 10
4486 6
4487 6
4488 9
4489 5
4490 6
4491 4
4492 4
4493 6
4494 2
4495 4
4496 3
4497 2
4498 6
4499 4
4500 1
4501 6
4502 3
4503 8
4504 6
4505 4
4506 7
4507 1
4508 5
4509 4
4510 1
4511 6
4512 5
4513 0
4514 3
4515 3
4516 5
4517 5
4518 0
4519 3
4520 5
4521 5
4522 4
4523 5
4524 4
4525 9
4526 8
4527 5
4528 6
4529 7
4530 12
4531 11
4532 12
4533 12
4534 7
4535 13
4536 13
4537 11
4538 7
4539 6
4540 14
4541 14
4542 9
4543 15
4544 8
4545 7
4546 10
4547 9
4548 4
4549 13
4550 12
4551 13
4552 8
4553 5
4554 8
4555 6
4556 5
4557 8
4558 7
4559 10
4560 5
4561 2
4562 7
4563 2
4564 5
4565 6
4566 1
4567 7
4568 10
4569 4
4570 7
4571 2
4572 12
4573 7
4574 5
4575 12
4576 11
4577 3
4578 8
4579 4
4580 9
4581 11
4582 3
4583 8
4584 13
4585 11
4586 18
4587 12
4588 5
4589 11
4590 6
4591 17
4592 8
4593 3
4594 10
4595 2
4596 5
4597 8
4598 4
4599 8
4600 6
4601 0
4602 6
4603 3
4604 2
4605 4
4606 1
4607 5
4608 3
4609 4
4610 5
4611 4
4612 2
4613 4
4614 3
4615 1
4616 4
4617 1
4618 8
4619 0
4620 7
4621 7
4622 1
4623 4
4624 4
4625 1
4626 2
4627 3
4628 1
4629 6
4630 4
4631 7
4632 6
4633 2
4634 5
4635 2
4636 5
4637 3
4638 6
4639 2
4640 7
4641 2
4642 5
4643 4
4644 4
4645 7
4646 2
4647 4
4648 10
4649 1
4650 6
4651 4
4652 2
4653 1
4654 2
4655 2
4656 6
4657 4
4658 5
4659 3
4660 4
4661 0
4662 4
4663 3
4664 2
4665 2
4666 10
4667 7
4668 8
4669 7
4670 4
4671 6
4672 4
4673 3
4674 7
4675 4
4676 6
4677 2
4678 3
4679 7
4680 6
4681 3
4682 8
4683 1
4684 2
4685 1
4686 7
4687 6
4688 9
4689 2
4690 8
4691 7
4692 5
4693 10
4694 7
4695 7
4696 12
4697 8
4698 6
4699 12
4700 6
4701 6
4702 5
4703 14
4704 12
4705 4
4706 7
4707 4
4708 4
4709 8
4710 2
4711 6
4712 12
4713 3
4714 4
4715 2
4716 3
4717 3
4718 1
4719 9
4720 5
4721 2
4722 1
4723 4
4724 6
4725 5
4726 1
4727 10
4728 4
4729 1
4730 7
4731 5
4732 4
4733 10
4734 3
4735 9
4736 6
4737 1
4738 4
4739 5
4740 2
4741 2
4742 2
4743 8
4744 9
4745 11
4746 12
4747 12
4748 14
4749 11
4750 13
4751 25
4752 16
4753 15
4754 13
4755 19
4756 15
4757 20
4758 8
4759 18
4760 27
4761 15
4762 20
4763 17
4764 9
4765 23
4766 19
4767 19
4768 20
4769 19
4770 19
4771 25
4772 28
4773 22
4774 27
4775 23
4776 13
4777 15
4778 11
4779 10
4780 11
4781 14
4782 7
4783 8
4784 14
4785 14
4786 17
4787 16
4788 17
4789 9
4790 10
4791 20
4792 20
4793 17
4794 19
4795 20
4796 21
4797 12
4798 9
4799 27
4800 14
4801 7
4802 15
4803 17
4804 20
4805 17
4806 18
4807 20
4808 16
4809 15
4810 26
4811 14
4812 17
4813 14
4814 16
4815 17
4816 17
4817 13
4818 17
4819 14
4820 16
4821 17
4822 12
4823 13
4824 12
4825 1
4826 4
4827 9
4828 6
4829 5
4830 1
4831 8
4832 4
4833 2
4834 7
4835 1
4836 4
4837 5
4838 0
4839 4
4840 11
4841 4
4842 3
4843 1
4844 5
4845 7
4846 1
4847 1
4848 5
4849 2
4850 2
4851 0
4852 2
4853 4
4854 2
4855 9
4856 6
4857 1
4858 2
4859 3
4860 5
4861 3
4862 0
4863 6
4864 6
4865 1
4866 8
4867 3
4868 1
4869 2
4870 1
4871 6
4872 8
4873 3
4874 6
4875 6
4876 1
4877 4
4878 4
4879 8
4880 4
4881 1
4882 8
4883 2
4884 3
4885 0
4886 2
4887 5
4888 6
4889 2
4890 7
4891 2
4892 2
4893 6
4894 0
4895 8
4896 6
4897 2
4898 7
4899 1
4900 5
4901 6
4902 0
4903 4
4904 8
4905 5
4906 1
4907 2
4908 7
4909 7
4910 3
4911 8
4912 4
4913 4
4914 6
4915 7
4916 4
4917 1
4918 4
4919 8
4920 4
4921 3
4922 6
4923 8
4924 5
4925 2
4926 5
4927 6
4928 9
4929 7
4930 3
4931 5
4932 3
4933 8
4934 3
4935 6
4936 10
4937 3
4938 4
4939 2
4940 4
4941 2
4942 5
4943 3
4944 7
4945 2
4946 5
4947 4
4948 2
4949 4
4950 2
4951 3
4952 6
4953 2
4954 6
4955 0
4956 3
4957 8
4958 2
4959 11
4960 4
4961 1
4962 6
4963 1
4964 7
4965 4
4966 4
4967 5
4968 4
4969 3
4970 5
4971 3
4972 4
4973 5
4974 4
4975 11
4976 7
4977 3
4978 5
4979 7
4980 12
4981 13
4982 6
4983 10
4984 10
4985 4
4986 10
4987 8
4988 8
4989 5
4990 4
4991 12
4992 8
4993 10
4994 10
4995 15
4996 10
4997 12
4998 5
4999 14
