0 8
1 4
2 4
3 5
4 8
5 5
6 8
7 11
8 4
9 6
10 8
11 9
12 4
13 9
14 6
15 9
16 7
17 5
18 0
19 8
20 7
21 6
22 8
23 9
24 5
25 7
26 13
27 8
28 10
29 9
30 5
31 10
32 7
33 6
34 9
35 5
36 9
37 7
38 8
39 7
40 6
41 9
42 4
43 4
44 5
45 6
46 5
47 6
48 10
49 7
50 2
51 5
52 8
53 6
54 7
55 5
56 8
57 4
58 4
59 11
60 8
61 5
62 8
63 8
64 5
65 3
66 5
67 6
68 5
69 1
70 10
71 4
72 11
73 9
74 5
75 6
76 8
77 12
78 3
79 6
80 6
81 10
82 8
83 11
84 3
85 9
86 4
87 12
88 8
89 4
90 10
91 6
92 8
93 9
94 3
95 9
96 4
97 9
98 7
99 3
100 3
101 5
102 5
103 5
104 8
105 8
106 7
107 6
108 5
109 7
110 6
111 5
112 1
113 8
114 5
115 7
116 8
117 6
118 3
119 5
120 7
121 8
122 9
123 4
124 4
125 8
126 3
127 8
128 6
129 7
130 6
131 7
132 2
133 12
134 5
135 6
136 5
137 5
138 9
139 10
140 8
141 3
142 3
143 9
144 9
145 5
146 7
147 5
148 3
149 7
150 4
151 6
152 8
153 14
154 8
155 8
156 5
157 5
158 8
159 5
160 8
161 7
162 10
163 9
164 5
165 5
166 5
167 10
168 2
169 12
170 9
171 9
172 8
173 5
174 5
175 12
176 7
177 12
178 14
179 10
180 7
181 9
182 3
183 10
184 5
185 7
186 3
187 5
188 8
189 8
190 8
191 3
192 9
193 6
194 5
195 11
196 5
197 2
198 8
199 5
200 4
201 12
202 6
203 7
204 4
205 10
206 6
207 5
208 6
209 3
210 9
211 9
212 9
213 12
214 6
215 7
216 8
217 7
218 5
219 7
220 7
221 5
222 6
223 6
224 5
225 7
226 8
227 7
228 6
229 7
230 8
231 9
232 6
233 10
234 4
235 8
236 7
237 11
238 11
239 12
240 11
241 8
242 7
243 9
244 7
245 10
246 3
247 3
248 6
249 5
250 4
251 7
252 5
253 6
254 9
255 5
256 8
257 9
258 8
259 5
260 3
261 4
262 5
263 4
264 8
265 9
266 9
267 2
268 3
269 8
270 10
271 4
272 8
273 2
274 5
275 7
276 8
277 5
278 9
279 10
280 10
281 6
282 6
283 12
284 6
285 5
286 8
287 5
288 5
289 6
290 5
291 6
292 6
293 3
294 6
295 11
296 9
297 10
298 8
299 8
300 3
301 8
302 4
303 8
304 6
305 8
306 5
307 6
308 4
309 10
310 10
311 10
312 5
313 2
314 7
315 11
316 6
317 5
318 6
319 10
320 9
321 5
322 3
323 6
324 9
325 10
326 9
327 6
328 9
329 4
330 8
331 10
332 4
333 11
334 7
335 8
336 6
337 5
338 3
339 9
340 10
341 7
342 10
343 11
344 7
345 3
346 12
347 6
348 8
349 10
350 8
351 9
352 9
353 7
354 5
355 6
356 5
357 9
358 4
359 5
360 6
361 10
362 9
363 5
364 6
365 6
366 4
367 5
368 4
369 7
370 5
371 6
372 4
373 8
374 10
375 4
376 9
377 5
378 3
379 9
380 4
381 9
382 7
383 6
384 10
385 3
386 11
387 11
388 12
389 9
390 6
391 7
392 11
393 5
394 9
395 11
396 5
397 4
398 6
399 8
400 7
401 2
402 5
403 6
404 9
405 7
406 6
407 12
408 2
409 4
410 6
411 7
412 3
413 13
414 6
415 8
416 10
417 8
418 6
419 6
420 11
421 6
422 5
423 6
424 8
425 7
426 6
427 6
428 4
429 5
430 11
431 13
432 5
433 10
434 8
435 9
436 9
437 6
438 6
439 11
440 14
441 9
442 10
443 6
444 4
445 8
446 4
447 8
448 5
449 11
450 5
451 4
452 11
453 9
454 9
455 8
456 7
457 6
458 9
459 6
460 11
461 4
462 9
463 5
464 6
465 3
466 7
467 4
468 8
469 5
470 5
471 9
472 4
473 10
474 9
475 4
476 9
477 6
478 4
479 8
480 6
481 7
482 7
483 5
484 5
485 8
486 10
487 6
488 6
489 9
490 3
491 7
492 8
493 10
494 3
495 8
496 5
497 3
498 2
499 5
500 8
501 7
502 5
503 7
504 4
505 11
506 8
507 7
508 6
509 7
510 6
511 7
512 7
513 9
514 10
515 3
516 5
517 6
518 9
519 8
520 6
521 11
522 7
523 3
524 9
525 10
526 7
527 5
528 3
529 6
530 10
531 3
532 5
533 7
534 7
535 3
536 5
537 9
538 6
539 7
540 6
541 5
542 1
543 10
544 9
545 3
546 8
547 6
548 5
549 5
550 5
551 2
552 12
553 6
554 6
555 7
556 10
557 5
558 6
559 10
560 8
561 4
562 9
563 7
564 7
565 11
566 6
567 8
568 7
569 2
570 6
571 8
572 8
573 4
574 8
575 9
576 9
577 7
578 5
579 11
580 10
581 9
582 8
583 11
584 8
585 9
586 6
587 7
588 5
589 11
590 4
591 4
592 6
593 6
594 9
595 7
596 7
597 7
598 5
599 5
600 7
601 1
602 2
603 6
604 5
605 8
606 6
607 4
608 8
609 7
610 4
611 5
612 5
613 3
614 7
615 8
616 11
617 6
618 5
619 5
620 6
621 9
622 6
623 5
624 10
625 6
626 6
627 8
628 5
629 7
630 7
631 4
632 13
633 4
634 5
635 3
636 4
637 6
638 8
639 8
640 7
641 7
642 7
643 6
644 7
645 7
646 9
647 5
648 10
649 11
650 5
651 6
652 5
653 1
654 4
655 11
656 12
657 2
658 4
659 7
660 3
661 5
662 3
663 6
664 6
665 7
666 6
667 5
668 11
669 10
670 8
671 11
672 5
673 6
674 12
675 12
676 7
677 6
678 6
679 3
680 8
681 11
682 6
683 7
684 4
685 6
686 5
687 6
688 9
689 5
690 13
691 8
692 6
693 7
694 5
695 7
696 7
697 6
698 6
699 4
700 9
701 10
702 9
703 5
704 6
705 7
706 5
707 5
708 7
709 6
710 9
711 8
712 9
713 2
714 11
715 8
716 11
717 3
718 5
719 6
720 8
721 8
722 7
723 6
724 4
725 6
726 9
727 9
728 4
729 8
730 7
731 3
732 8
733 14
734 8
735 10
736 8
737 7
738 5
739 4
740 6
741 6
742 7
743 11
744 4
745 7
746 8
747 7
748 10
749 4
750 5
751 8
752 11
753 5
754 7
755 7
756 6
757 9
758 6
759 6
760 5
761 3
762 3
763 5
764 8
765 6
766 6
767 7
768 3
769 11
770 10
771 8
772 9
773 7
774 11
775 10
776 7
777 4
778 8
779 7
780 6
781 8
782 5
783 12
784 9
785 7
786 7
787 9
788 6
789 8
790 4
791 9
792 3
793 7
794 10
795 7
796 7
797 2
798 5
799 5
800 7
801 8
802 4
803 4
804 8
805 4
806 8
807 4
808 7
809 7
810 6
811 7
812 4
813 9
814 6
815 6
816 7
817 8
818 8
819 7
820 4
821 8
822 9
823 6
824 3
825 1
826 11
827 5
828 4
829 11
830 4
831 6
832 6
833 3
834 3
835 3
836 3
837 6
838 6
839 8
840 7
841 4
842 5
843 6
844 4
845 6
846 7
847 7
848 13
849 9
850 7
851 11
852 15
853 7
854 11
855 9
856 12
857 5
858 4
859 8
860 9
861 4
862 5
863 8
864 6
865 4
866 8
867 12
868 7
869 2
870 7
871 8
872 9
873 3
874 4
875 6
876 7
877 7
878 7
879 3
880 2
881 5
882 10
883 9
884 6
885 5
886 9
887 11
888 4
889 7
890 7
891 6
892 3
893 8
894 9
895 4
896 8
897 9
898 6
899 6
900 7
901 5
902 14
903 6
904 6
905 9
906 9
907 6
908 6
909 6
910 11
911 8
912 6
913 6
914 5
915 9
916 8
917 9
918 9
919 9
920 8
921 8
922 8
923 8
924 9
925 6
926 9
927 4
928 5
929 3
930 13
931 6
932 13
933 2
934 9
935 2
936 4
937 7
938 3
939 7
940 6
941 6
942 5
943 10
944 6
945 5
946 7
947 8
948 4
949 5
950 12
951 11
952 6
953 10
954 12
955 2
956 5
957 4
958 8
959 9
960 2
961 6
962 11
963 7
964 7
965 3
966 7
967 5
968 10
969 8
970 9
971 5
972 9
973 10
974 10
975 2
976 4
977 5
978 6
979 6
980 6
981 10
982 6
983 9
984 8
985 13
986 9
987 16
988 9
989 6
990 7
991 3
992 4
993 4
994 8
995 4
996 3
997 5
998 9
999 8
1000 5
1001 5
1002 8
1003 4
1004 8
1005 7
1006 7
1007 3
1008 10
1009 10
1010 7
1011 5
1012 10
1013 8
1014 9
1015 6
1016 9
1017 14
1018 5
1019 7
1020 10
1021 13
1022 7
1023 3
1024 8
1025 9
1026 8
1027 10
1028 8
1029 3
1030 6
1031 11
1032 5
1033 4
1034 11
1035 12
1036 7
1037 7
1038 7
1039 5
1040 9
1041 3
1042 3
1043 9
1044 10
1045 4
1046 5
1047 4
1048 8
1049 5
1050 6
1051 6
1052 7
1053 8
1054 7
1055 5
1056 4
1057 10
1058 4
1059 6
1060 6
1061 10
1062 12
1063 4
1064 5
1065 9
1066 4
1067 7
1068 7
1069 8
1070 8
1071 5
1072 5
1073 1
1074 9
1075 6
1076 8
1077 8
1078 9
1079 7
1080 7
1081 5
1082 5
1083 9
1084 5
1085 0
1086 7
1087 6
1088 10
1089 4
1090 2
1091 5
1092 4
1093 7
1094 5
1095 10
1096 7
1097 6
1098 4
1099 2
1100 5
1101 2
1102 6
1103 8
1104 5
1105 8
1106 3
1107 9
1108 6
1109 8
1110 9
1111 3
1112 7
1113 5
1114 9
1115 4
1116 3
1117 2
1118 12
1119 3
1120 8
1121 5
1122 8
1123 7
1124 6
1125 6
1126 7
1127 3
1128 6
1129 7
1130 7
1131 6
1132 2
1133 7
1134 6
1135 6
1136 8
1137 12
1138 4
1139 3
1140 4
1141 5
1142 4
1143 7
1144 7
1145 7
1146 3
1147 5
1148 6
1149 7
1150 2
1151 11
1152 9
1153 5
1154 13
1155 10
1156 9
1157 10
1158 4
1159 7
1160 6
1161 9
1162 4
1163 5
1164 6
1165 7
1166 8
1167 13
1168 8
1169 6
1170 9
1171 2
1172 7
1173 7
1174 10
1175 10
1176 7
1177 4
1178 7
1179 9
1180 5
1181 7
1182 6
1183 10
1184 10
1185 8
1186 4
1187 5
1188 6
1189 5
1190 7
1191 10
1192 4
1193 6
1194 11
1195 8
1196 3
1197 9
1198 4
1199 7
1200 7
1201 3
1202 4
1203 8
1204 8
1205 8
1206 7
1207 7
1208 5
1209 6
1210 8
1211 8
1212 5
1213 5
1214 7
1215 3
1216 3
1217 6
1218 4
1219 5
1220 5
1221 6
1222 10
1223 8
1224 8
1225 7
1226 7
1227 5
1228 5
1229 5
1230 7
1231 7
1232 7
1233 10
1234 9
1235 4
1236 8
1237 9
1238 3
1239 6
1240 11
1241 7
1242 3
1243 8
1244 4
1245 5
1246 5
1247 5
1248 5
1249 9
1250 7
1251 3
1252 5
1253 11
1254 9
1255 8
1256 6
1257 9
1258 3
1259 4
1260 4
1261 9
1262 4
1263 3
1264 9
1265 10
1266 3
1267 8
1268 8
1269 9
1270 5
1271 15
1272 6
1273 6
1274 8
1275 7
1276 6
1277 5
1278 8
1279 13
1280 6
1281 5
1282 4
1283 5
1284 0
1285 5
1286 7
1287 5
1288 8
1289 11
1290 8
1291 11
1292 7
1293 3
1294 4
1295 7
1296 6
1297 9
1298 5
1299 7
1300 8
1301 5
1302 6
1303 8
1304 11
1305 9
1306 8
1307 10
1308 10
1309 5
1310 10
1311 8
1312 8
1313 5
1314 10
1315 3
1316 4
1317 7
1318 7
1319 9
1320 9
1321 11
1322 1
1323 9
1324 8
1325 5
1326 3
1327 12
1328 12
1329 7
1330 8
1331 6
1332 6
1333 4
1334 6
1335 4
1336 7
1337 4
1338 9
1339 5
1340 8
1341 5
1342 7
1343 5
1344 7
1345 10
1346 6
1347 6
1348 10
1349 10
1350 5
1351 6
1352 3
1353 7
1354 5
1355 7
1356 3
1357 4
1358 5
1359 6
1360 5
1361 7
1362 5
1363 3
1364 12
1365 8
1366 6
1367 10
1368 5
1369 7
1370 6
1371 8
1372 11
1373 8
1374 11
1375 10
1376 9
1377 6
1378 5
1379 3
1380 4
1381 12
1382 4
1383 7
1384 2
1385 7
1386 4
1387 5
1388 8
1389 4
1390 5
1391 4
1392 9
1393 5
1394 6
1395 6
1396 5
1397 5
1398 4
1399 4
1400 8
1401 4
1402 7
1403 6
1404 5
1405 11
1406 6
1407 5
1408 13
1409 8
1410 8
1411 6
1412 6
1413 7
1414 4
1415 6
1416 10
1417 8
1418 4
1419 8
1420 8
1421 10
1422 5
1423 5
1424 7
1425 7
1426 6
1427 9
1428 6
1429 6
1430 9
1431 6
1432 6
1433 8
1434 9
1435 9
1436 5
1437 6
1438 5
1439 5
1440 6
1441 5
1442 5
1443 4
1444 11
1445 11
1446 12
1447 6
1448 4
1449 10
1450 4
1451 10
1452 5
1453 3
1454 3
1455 7
1456 7
1457 9
1458 9
1459 5
1460 7
1461 7
1462 7
1463 11
1464 6
1465 7
1466 5
1467 7
1468 6
1469 6
1470 7
1471 5
1472 3
1473 4
1474 5
1475 6
1476 7
1477 12
1478 6
1479 8
1480 9
1481 7
1482 9
1483 7
1484 5
1485 6
1486 7
1487 4
1488 8
1489 10
1490 8
1491 8
1492 6
1493 7
1494 9
1495 5
1496 7
1497 4
1498 8
1499 8
1500 7
1501 4
1502 7
1503 11
1504 9
1505 8
1506 7
1507 9
1508 12
1509 3
1510 6
1511 9
1512 11
1513 9
1514 11
1515 3
1516 9
1517 13
1518 8
1519 9
1520 6
1521 13
1522 4
1523 8
1524 3
1525 5
1526 7
1527 9
1528 6
1529 6
1530 8
1531 15
1532 10
1533 5
1534 5
1535 5
1536 8
1537 6
1538 6
1539 7
1540 6
1541 8
1542 10
1543 3
1544 6
1545 3
1546 9
1547 7
1548 5
1549 9
1550 3
1551 10
1552 6
1553 5
1554 10
1555 7
1556 9
1557 14
1558 12
1559 7
1560 10
1561 6
1562 5
1563 11
1564 5
1565 12
1566 7
1567 6
1568 6
1569 7
1570 2
1571 11
1572 10
1573 2
1574 3
1575 11
1576 4
1577 3
1578 8
1579 4
1580 5
1581 4
1582 6
1583 8
1584 8
1585 4
1586 6
1587 4
1588 10
1589 7
1590 8
1591 7
1592 8
1593 8
1594 6
1595 9
1596 6
1597 7
1598 12
1599 10
1600 7
1601 3
1602 7
1603 8
1604 11
1605 6
1606 8
1607 8
1608 5
1609 3
1610 8
1611 11
1612 5
1613 9
1614 3
1615 7
1616 6
1617 10
1618 7
1619 4
1620 3
1621 5
1622 8
1623 5
1624 4
1625 3
1626 7
1627 2
1628 5
1629 6
1630 8
1631 8
1632 10
1633 11
1634 2
1635 2
1636 6
1637 10
1638 7
1639 3
1640 10
1641 4
1642 4
1643 4
1644 4
1645 10
1646 7
1647 12
1648 11
1649 8
1650 4
1651 9
1652 8
1653 6
1654 6
1655 9
1656 13
1657 3
1658 9
1659 11
1660 9
1661 6
1662 9
1663 5
1664 10
1665 6
1666 3
1667 3
1668 5
1669 4
1670 7
1671 6
1672 11
1673 10
1674 8
1675 10
1676 8
1677 5
1678 8
1679 5
1680 8
1681 11
1682 6
1683 8
1684 7
1685 5
1686 10
1687 11
1688 3
1689 8
1690 3
1691 3
1692 3
1693 9
1694 5
1695 13
1696 7
1697 9
1698 9
1699 3
1700 6
1701 6
1702 11
1703 7
1704 8
1705 10
1706 11
1707 9
1708 11
1709 5
1710 4
1711 12
1712 7
1713 10
1714 6
1715 10
1716 6
1717 8
1718 4
1719 6
1720 3
1721 2
1722 9
1723 5
1724 14
1725 10
1726 9
1727 7
1728 7
1729 7
1730 8
1731 3
1732 7
1733 7
1734 4
1735 6
1736 7
1737 7
1738 3
1739 8
1740 7
1741 5
1742 6
1743 11
1744 4
1745 10
1746 12
1747 4
1748 8
1749 9
1750 12
1751 7
1752 4
1753 7
1754 8
1755 3
1756 2
1757 4
1758 5
1759 5
1760 7
1761 7
1762 8
1763 7
1764 6
1765 7
1766 5
1767 8
1768 8
1769 5
1770 12
1771 2
1772 5
1773 5
1774 4
1775 6
1776 4
1777 6
1778 4
1779 3
1780 9
1781 8
1782 10
1783 9
1784 5
1785 6
1786 5
1787 5
1788 8
1789 10
1790 7
1791 5
1792 6
1793 6
1794 8
1795 9
1796 7
1797 5
1798 11
1799 6
1800 11
1801 6
1802 4
1803 10
1804 9
1805 10
1806 6
1807 10
1808 6
1809 8
1810 7
1811 9
1812 9
1813 8
1814 5
1815 7
1816 6
1817 7
1818 10
1819 5
1820 6
1821 4
1822 9
1823 3
1824 3
1825 5
1826 13
1827 5
1828 7
1829 4
1830 4
1831 8
1832 6
1833 3
1834 7
1835 3
1836 4
1837 11
1838 9
1839 1
1840 7
1841 8
1842 8
1843 8
1844 7
1845 7
1846 4
1847 6
1848 6
1849 8
1850 11
1851 9
1852 10
1853 10
1854 4
1855 6
1856 2
1857 6
1858 5
1859 7
1860 12
1861 9
1862 9
1863 2
1864 8
1865 4
1866 6
1867 5
1868 13
1869 4
1870 7
1871 8
1872 4
1873 6
1874 11
1875 11
1876 6
1877 8
1878 9
1879 5
1880 12
1881 5
1882 6
1883 4
1884 4
1885 9
1886 7
1887 7
1888 7
1889 11
1890 10
1891 3
1892 5
1893 6
1894 5
1895 11
1896 10
1897 9
1898 10
1899 15
1900 9
1901 7
1902 9
1903 4
1904 5
1905 6
1906 6
1907 4
1908 6
1909 7
1910 5
1911 5
1912 10
1913 11
1914 7
1915 9
1916 3
1917 7
1918 9
1919 10
1920 6
1921 8
1922 10
1923 4
1924 7
1925 9
1926 8
1927 6
1928 7
1929 6
1930 5
1931 7
1932 9
1933 5
1934 7
1935 8
1936 4
1937 7
1938 6
1939 4
1940 13
1941 4
1942 9
1943 5
1944 5
1945 6
1946 4
1947 6
1948 9
1949 7
1950 7
1951 9
1952 6
1953 5
1954 6
1955 10
1956 9
1957 6
1958 5
1959 4
1960 6
1961 11
1962 4
1963 2
1964 9
1965 8
1966 5
1967 6
1968 12
1969 11
1970 3
1971 7
1972 6
1973 9
1974 8
1975 5
1976 6
1977 7
1978 7
1979 7
1980 8
1981 5
1982 10
1983 10
1984 9
1985 4
1986 6
1987 7
1988 5
1989 8
1990 5
1991 9
1992 4
1993 5
1994 9
1995 8
1996 2
1997 11
1998 8
1999 5
2000 6
2001 8
2002 3
2003 13
2004 6
2005 7
2006 6
2007 7
2008 8
2009 11
2010 4
2011 5
2012 1
2013 8
2014 4
2015 5
2016 8
2017 7
2018 5
2019 11
2020 3
2021 10
2022 5
2023 8
2024 8
2025 7
2026 7
2027 5
2028 10
2029 9
2030 8
2031 11
2032 6
2033 8
2034 5
2035 8
2036 12
2037 6
2038 6
2039 4
2040 5
2041 5
2042 6
2043 7
2044 9
2045 9
2046 5
2047 13
2048 7
2049 7
2050 11
2051 4
2052 4
2053 10
2054 12
2055 2
2056 7
2057 6
2058 11
2059 9
2060 7
2061 5
2062 5
2063 11
2064 5
2065 11
2066 0
2067 8
2068 7
2069 7
2070 4
2071 3
2072 12
2073 6
2074 7
2075 10
2076 5
2077 4
2078 2
2079 4
2080 11
2081 5
2082 9
2083 8
2084 6
2085 4
2086 4
2087 4
2088 3
2089 3
2090 4
2091 11
2092 2
2093 3
2094 8
2095 4
2096 5
2097 5
2098 5
2099 16
2100 9
2101 8
2102 6
2103 7
2104 9
2105 10
2106 6
2107 3
2108 7
2109 6
2110 6
2111 7
2112 7
2113 7
2114 1
2115 6
2116 5
2117 10
2118 8
2119 9
2120 10
2121 9
2122 5
2123 4
2124 5
2125 5
2126 9
2127 10
2128 3
2129 5
2130 5
2131 5
2132 3
2133 7
2134 7
2135 13
2136 11
2137 10
2138 7
2139 6
2140 7
2141 5
2142 6
2143 8
2144 6
2145 8
2146 7
2147 7
2148 9
2149 6
2150 9
2151 5
2152 10
2153 6
2154 6
2155 12
2156 5
2157 10
2158 4
2159 8
2160 6
2161 7
2162 7
2163 5
2164 7
2165 7
2166 4
2167 8
2168 6
2169 5
2170 4
2171 6
2172 5
2173 6
2174 7
2175 5
2176 7
2177 10
2178 6
2179 4
2180 4
2181 3
2182 6
2183 10
2184 6
2185 6
2186 8
2187 7
2188 6
2189 7
2190 7
2191 8
2192 5
2193 7
2194 7
2195 7
2196 2
2197 8
2198 9
2199 2
2200 7
2201 7
2202 7
2203 4
2204 4
2205 3
2206 6
2207 3
2208 3
2209 11
2210 4
2211 6
2212 5
2213 3
2214 9
2215 10
2216 8
2217 7
2218 7
2219 10
2220 9
2221 6
2222 9
2223 4
2224 13
2225 3
2226 6
2227 4
2228 9
2229 7
2230 5
2231 6
2232 8
2233 9
2234 11
2235 9
2236 9
2237 4
2238 7
2239 7
2240 10
2241 9
2242 8
2243 5
2244 10
2245 11
2246 4
2247 4
2248 8
2249 6
2250 6
2251 9
2252 5
2253 10
2254 7
2255 6
2256 6
2257 7
2258 14
2259 4
2260 5
2261 9
2262 5
2263 9
2264 16
2265 8
2266 8
2267 7
2268 4
2269 5
2270 7
2271 6
2272 9
2273 7
2274 5
2275 3
2276 9
2277 11
2278 9
2279 15
2280 4
2281 8
2282 6
2283 7
2284 4
2285 7
2286 2
2287 9
2288 5
2289 6
2290 8
2291 9
2292 7
2293 4
2294 1
2295 8
2296 7
2297 3
2298 6
2299 7
2300 2
2301 3
2302 8
2303 5
2304 6
2305 10
2306 11
2307 3
2308 13
2309 3
2310 7
2311 4
2312 4
2313 6
2314 7
2315 6
2316 3
2317 7
2318 9
2319 3
2320 4
2321 7
2322 7
2323 8
2324 8
2325 12
2326 8
2327 10
2328 3
2329 7
2330 12
2331 3
2332 8
2333 10
2334 6
2335 8
2336 4
2337 7
2338 8
2339 4
2340 3
2341 3
2342 7
2343 8
2344 6
2345 10
2346 6
2347 3
2348 6
2349 2
2350 6
2351 9
2352 6
2353 9
2354 7
2355 9
2356 6
2357 8
2358 2
2359 4
2360 3
2361 6
2362 8
2363 7
2364 8
2365 11
2366 4
2367 2
2368 7
2369 9
2370 4
2371 6
2372 10
2373 7
2374 5
2375 7
2376 6
2377 8
2378 16
2379 11
2380 8
2381 10
2382 7
2383 6
2384 2
2385 5
2386 9
2387 3
2388 3
2389 5
2390 3
2391 7
2392 11
2393 12
2394 6
2395 3
2396 7
2397 8
2398 3
2399 8
2400 5
2401 10
2402 5
2403 5
2404 4
2405 6
2406 14
2407 4
2408 11
2409 7
2410 8
2411 7
2412 7
2413 7
2414 11
2415 18
2416 8
2417 11
2418 3
2419 8
2420 10
2421 9
2422 6
2423 6
2424 5
2425 6
2426 9
2427 9
2428 6
2429 10
2430 7
2431 7
2432 10
2433 5
2434 4
2435 7
2436 10
2437 10
2438 4
2439 5
2440 4
2441 6
2442 10
2443 4
2444 8
2445 4
2446 7
2447 7
2448 5
2449 5
2450 7
2451 8
2452 6
2453 5
2454 6
2455 6
2456 8
2457 8
2458 7
2459 6
2460 4
2461 4
2462 3
2463 6
2464 7
2465 5
2466 5
2467 5
2468 9
2469 4
2470 7
2471 8
2472 3
2473 8
2474 10
2475 5
2476 6
2477 11
2478 4
2479 10
2480 8
2481 10
2482 8
2483 5
2484 3
2485 4
2486 9
2487 8
2488 3
2489 5
2490 7
2491 8
2492 7
2493 3
2494 9
2495 7
2496 3
2497 7
2498 8
2499 2
2500 8
2501 4
2502 11
2503 4
2504 8
2505 6
2506 2
2507 6
2508 6
2509 4
2510 4
2511 7
2512 7
2513 9
2514 9
2515 13
2516 4
2517 7
2518 3
2519 6
2520 5
2521 5
2522 12
2523 6
2524 7
2525 10
2526 8
2527 7
2528 6
2529 8
2530 5
2531 10
2532 7
2533 5
2534 10
2535 8
2536 9
2537 7
2538 7
2539 6
2540 9
2541 7
2542 1
2543 6
2544 7
2545 7
2546 9
2547 6
2548 8
2549 6
2550 8
2551 10
2552 4
2553 15
2554 10
2555 8
2556 6
2557 4
2558 2
2559 6
2560 4
2561 7
2562 9
2563 6
2564 7
2565 2
2566 6
2567 4
2568 6
2569 4
2570 6
2571 10
2572 8
2573 9
2574 7
2575 6
2576 8
2577 10
2578 9
2579 6
2580 10
2581 6
2582 5
2583 2
2584 5
2585 12
2586 6
2587 6
2588 10
2589 6
2590 8
2591 7
2592 10
2593 8
2594 7
2595 4
2596 8
2597 5
2598 8
2599 5
2600 7
2601 3
2602 5
2603 6
2604 4
2605 11
2606 7
2607 6
2608 4
2609 11
2610 4
2611 6
2612 6
2613 7
2614 2
2615 8
2616 5
2617 6
2618 6
2619 12
2620 9
2621 8
2622 5
2623 9
2624 11
2625 5
2626 5
2627 4
2628 5
2629 10
2630 2
2631 5
2632 6
2633 7
2634 8
2635 6
2636 6
2637 11
2638 4
2639 12
2640 6
2641 8
2642 5
2643 6
2644 12
2645 8
2646 9
2647 6
2648 7
2649 4
2650 5
2651 7
2652 6
2653 3
2654 8
2655 3
2656 3
2657 4
2658 6
2659 9
2660 6
2661 5
2662 5
2663 4
2664 8
2665 3
2666 3
2667 9
2668 8
2669 9
2670 12
2671 4
2672 7
2673 5
2674 7
2675 6
2676 10
2677 4
2678 7
2679 9
2680 6
2681 7
2682 12
2683 4
2684 7
2685 9
2686 7
2687 10
2688 8
2689 8
2690 4
2691 10
2692 10
2693 7
2694 6
2695 7
2696 11
2697 1
2698 13
2699 9
2700 7
2701 8
2702 3
2703 2
2704 4
2705 6
2706 11
2707 1
2708 6
2709 3
2710 8
2711 5
2712 10
2713 7
2714 5
2715 2
2716 11
2717 4
2718 7
2719 9
2720 7
2721 10
2722 9
2723 9
2724 6
2725 6
2726 8
2727 5
2728 3
2729 10
2730 6
2731 5
2732 8
2733 7
2734 6
2735 9
2736 4
2737 3
2738 6
2739 13
2740 3
2741 6
2742 9
2743 9
2744 6
2745 6
2746 7
2747 2
2748 8
2749 10
2750 11
2751 8
2752 6
2753 8
2754 4
2755 8
2756 9
2757 10
2758 7
2759 8
2760 12
2761 6
2762 7
2763 12
2764 4
2765 8
2766 7
2767 4
2768 9
2769 6
2770 8
2771 6
2772 6
2773 8
2774 10
2775 8
2776 3
2777 7
2778 5
2779 9
2780 14
2781 7
2782 6
2783 8
2784 3
2785 8
2786 10
2787 8
2788 5
2789 3
2790 2
2791 1
2792 4
2793 6
2794 8
2795 6
2796 8
2797 8
2798 11
2799 6
2800 8
2801 12
2802 6
2803 5
2804 10
2805 6
2806 9
2807 7
2808 14
2809 13
2810 6
2811 10
2812 6
2813 6
2814 2
2815 6
2816 9
2817 7
2818 5
2819 6
2820 3
2821 6
2822 5
2823 9
2824 9
2825 7
2826 3
2827 1
2828 6
2829 11
2830 6
2831 6
2832 5
2833 8
2834 8
2835 3
2836 8
2837 7
2838 5
2839 5
2840 11
2841 5
2842 6
2843 9
2844 5
2845 8
2846 6
2847 9
2848 1
2849 4
2850 8
2851 10
2852 6
2853 8
2854 10
2855 3
2856 4
2857 6
2858 8
2859 7
2860 7
2861 3
2862 7
2863 4
2864 10
2865 7
2866 14
2867 7
2868 9
2869 6
2870 5
2871 6
2872 6
2873 9
2874 4
2875 6
2876 11
2877 10
2878 12
2879 12
2880 7
2881 6
2882 4
2883 9
2884 6
2885 13
2886 4
2887 6
2888 5
2889 11
2890 2
2891 6
2892 11
2893 6
2894 10
2895 6
2896 8
2897 8
2898 7
2899 8
2900 7
2901 5
2902 10
2903 5
2904 13
2905 6
2906 9
2907 3
2908 6
2909 6
2910 6
2911 7
2912 5
2913 1
2914 8
2915 12
2916 7
2917 9
2918 4
2919 10
2920 6
2921 11
2922 14
2923 12
2924 9
2925 4
2926 3
2927 2
2928 4
2929 4
2930 8
2931 9
2932 4
2933 6
2934 8
2935 10
2936 11
2937 5
2938 2
2939 10
2940 7
2941 6
2942 9
2943 8
2944 6
2945 6
2946 8
2947 8
2948 12
2949 8
2950 3
2951 2
2952 9
2953 11
2954 6
2955 6
2956 8
2957 3
2958 2
2959 9
2960 7
2961 7
2962 4
2963 7
2964 4
2965 8
2966 6
2967 5
2968 8
2969 7
2970 9
2971 6
2972 4
2973 7
2974 6
2975 3
2976 9
2977 7
2978 3
2979 6
2980 11
2981 8
2982 8
2983 4
2984 8
2985 11
2986 8
2987 8
2988 4
2989 5
2990 6
2991 8
2992 7
2993 8
2994 9
2995 5
2996 8
2997 5
2998 7
2999 7
3000 6
3001 4
3002 6
3003 5
3004 9
3005 6
3006 3
3007 4
3008 7
3009 8
3010 6
3011 6
3012 7
3013 10
3014 9
3015 14
3016 8
3017 7
3018 3
3019 8
3020 7
3021 8
3022 8
3023 8
3024 3
3025 5
3026 8
3027 8
3028 4
3029 5
3030 5
3031 3
3032 10
3033 6
3034 5
3035 9
3036 5
3037 5
3038 7
3039 7
3040 5
3041 7
3042 7
3043 10
3044 4
3045 3
3046 6
3047 7
3048 8
3049 7
3050 2
3051 4
3052 4
3053 9
3054 9
3055 9
3056 10
3057 6
3058 10
3059 5
3060 5
3061 7
3062 12
3063 4
3064 5
3065 12
3066 9
3067 9
3068 7
3069 8
3070 10
3071 7
3072 6
3073 7
3074 6
3075 5
3076 11
3077 10
3078 6
3079 7
3080 5
3081 5
3082 14
3083 7
3084 11
3085 7
3086 7
3087 3
3088 8
3089 4
3090 8
3091 10
3092 5
3093 8
3094 13
3095 3
3096 9
3097 3
3098 9
3099 7
3100 6
3101 8
3102 4
3103 5
3104 9
3105 7
3106 7
3107 6
3108 3
3109 3
3110 12
3111 9
3112 7
3113 4
3114 3
3115 7
3116 4
3117 5
3118 10
3119 10
3120 9
3121 3
3122 6
3123 10
3124 7
3125 7
3126 10
3127 6
3128 4
3129 5
3130 8
3131 8
3132 9
3133 6
3134 10
3135 6
3136 2
3137 10
3138 4
3139 8
3140 9
3141 5
3142 7
3143 6
3144 7
3145 7
3146 10
3147 6
3148 2
3149 8
3150 3
3151 5
3152 3
3153 8
3154 8
3155 6
3156 6
3157 7
3158 10
3159 8
3160 3
3161 9
3162 8
3163 7
3164 11
3165 8
3166 7
3167 8
3168 5
3169 6
3170 2
3171 3
3172 16
3173 4
3174 6
3175 11
3176 9
3177 9
3178 6
3179 3
3180 5
3181 8
3182 16
3183 10
3184 4
3185 10
3186 10
3187 5
3188 6
3189 6
3190 9
3191 6
3192 7
3193 7
3194 6
3195 6
3196 12
3197 6
3198 4
3199 8
3200 8
3201 10
3202 2
3203 9
3204 6
3205 8
3206 9
3207 6
3208 8
3209 4
3210 10
3211 6
3212 5
3213 4
3214 8
3215 4
3216 7
3217 4
3218 6
3219 7
3220 10
3221 4
3222 11
3223 5
3224 6
3225 6
3226 9
3227 11
3228 9
3229 6
3230 7
3231 5
3232 5
3233 9
3234 10
3235 10
3236 6
3237 13
3238 8
3239 4
3240 9
3241 6
3242 8
3243 4
3244 7
3245 8
3246 6
3247 7
3248 5
3249 8
3250 5
3251 5
3252 7
3253 9
3254 12
3255 5
3256 2
3257 5
3258 6
3259 4
3260 8
3261 2
3262 5
3263 8
3264 5
3265 3
3266 6
3267 4
3268 6
3269 5
3270 8
3271 10
3272 7
3273 10
3274 3
3275 10
3276 8
3277 13
3278 12
3279 6
3280 7
3281 4
3282 6
3283 3
3284 3
3285 8
3286 6
3287 8
3288 8
3289 5
3290 5
3291 7
3292 7
3293 7
3294 9
3295 8
3296 13
3297 13
3298 4
3299 3
3300 10
3301 7
3302 6
3303 12
3304 2
3305 5
3306 11
3307 8
3308 4
3309 5
3310 3
3311 11
3312 3
3313 4
3314 9
3315 3
3316 7
3317 5
3318 7
3319 13
3320 9
3321 8
3322 4
3323 5
3324 5
3325 9
3326 3
3327 14
3328 2
3329 8
3330 10
3331 6
3332 5
3333 8
3334 7
3335 6
3336 10
3337 6
3338 12
3339 6
3340 7
3341 3
3342 6
3343 7
3344 5
3345 6
3346 6
3347 13
3348 8
3349 15
3350 1
3351 8
3352 6
3353 10
3354 10
3355 7
3356 4
3357 6
3358 8
3359 6
3360 7
3361 7
3362 5
3363 8
3364 1
3365 5
3366 7
3367 3
3368 5
3369 11
3370 8
3371 2
3372 5
3373 11
3374 4
3375 7
3376 9
3377 11
3378 2
3379 10
3380 4
3381 8
3382 3
3383 5
3384 8
3385 14
3386 7
3387 6
3388 9
3389 7
3390 7
3391 2
3392 7
3393 6
3394 8
3395 3
3396 7
3397 1
3398 8
3399 17
3400 6
3401 6
3402 7
3403 9
3404 4
3405 5
3406 8
3407 2
3408 8
3409 6
3410 7
3411 7
3412 5
3413 3
3414 14
3415 4
3416 8
3417 7
3418 9
3419 9
3420 6
3421 9
3422 7
3423 4
3424 7
3425 6
3426 11
3427 4
3428 5
3429 5
3430 8
3431 11
3432 4
3433 5
3434 8
3435 8
3436 3
3437 4
3438 6
3439 7
3440 5
3441 5
3442 5
3443 7
3444 7
3445 11
3446 6
3447 5
3448 6
3449 6
3450 5
3451 4
3452 10
3453 11
3454 8
3455 2
3456 4
3457 12
3458 6
3459 9
3460 4
3461 5
3462 4
3463 6
3464 10
3465 3
3466 6
3467 6
3468 10
3469 7
3470 6
3471 8
3472 5
3473 5
3474 5
3475 5
3476 6
3477 7
3478 3
3479 5
3480 7
3481 4
3482 8
3483 1
3484 10
3485 12
3486 7
3487 2
3488 8
3489 6
3490 4
3491 5
3492 11
3493 6
3494 9
3495 4
3496 9
3497 7
3498 6
3499 8
3500 7
3501 3
3502 8
3503 3
3504 10
3505 7
3506 7
3507 7
3508 7
3509 7
3510 12
3511 6
3512 4
3513 5
3514 5
3515 7
3516 5
3517 5
3518 6
3519 9
3520 8
3521 6
3522 11
3523 6
3524 5
3525 9
3526 6
3527 9
3528 10
3529 5
3530 10
3531 6
3532 9
3533 7
3534 7
3535 6
3536 8
3537 9
3538 6
3539 6
3540 3
3541 7
3542 8
3543 4
3544 8
3545 3
3546 10
3547 6
3548 7
3549 7
3550 5
3551 7
3552 5
3553 7
3554 7
3555 4
3556 7
3557 11
3558 8
3559 11
3560 8
3561 7
3562 7
3563 9
3564 5
3565 12
3566 7
3567 5
3568 3
3569 6
3570 3
3571 7
3572 7
3573 6
3574 9
3575 7
3576 5
3577 6
3578 9
3579 10
3580 13
3581 4
3582 6
3583 10
3584 9
3585 6
3586 5
3587 6
3588 3
3589 6
3590 3
3591 6
3592 6
3593 8
3594 5
3595 8
3596 8
3597 3
3598 5
3599 6
3600 7
3601 5
3602 5
3603 5
3604 2
3605 6
3606 7
3607 5
3608 11
3609 6
3610 6
3611 9
3612 8
3613 13
3614 4
3615 5
3616 5
3617 4
3618 5
3619 5
3620 5
3621 11
3622 7
3623 4
3624 5
3625 9
3626 5
3627 6
3628 8
3629 3
3630 8
3631 7
3632 8
3633 7
3634 9
3635 3
3636 10
3637 3
3638 10
3639 6
3640 5
3641 5
3642 4
3643 11
3644 2
3645 5
3646 3
3647 11
3648 3
3649 8
3650 12
3651 9
3652 4
3653 4
3654 5
3655 7
3656 9
3657 5
3658 5
3659 5
3660 6
3661 10
3662 6
3663 9
3664 9
3665 10
3666 2
3667 4
3668 8
3669 7
3670 6
3671 4
3672 9
3673 5
3674 6
3675 5
3676 5
3677 9
3678 5
3679 5
3680 3
3681 8
3682 3
3683 5
3684 6
3685 1
3686 5
3687 4
3688 9
3689 5
3690 9
3691 3
3692 7
3693 12
3694 5
3695 9
3696 9
3697 4
3698 8
3699 4
3700 10
3701 5
3702 10
3703 13
3704 5
3705 7
3706 7
3707 6
3708 10
3709 8
3710 7
3711 6
3712 12
3713 10
3714 6
3715 7
3716 9
3717 7
3718 8
3719 11
3720 2
3721 9
3722 9
3723 10
3724 6
3725 9
3726 8
3727 5
3728 7
3729 9
3730 9
3731 5
3732 8
3733 10
3734 4
3735 7
3736 11
3737 7
3738 13
3739 8
3740 9
3741 9
3742 8
3743 6
3744 6
3745 4
3746 7
3747 5
3748 10
3749 5
3750 7
3751 4
3752 6
3753 5
3754 10
3755 7
3756 3
3757 4
3758 14
3759 9
3760 5
3761 11
3762 8
3763 8
3764 6
3765 4
3766 6
3767 6
3768 6
3769 9
3770 5
3771 3
3772 5
3773 6
3774 6
3775 5
3776 6
3777 9
3778 8
3779 4
3780 7
3781 4
3782 5
3783 3
3784 1
3785 2
3786 6
3787 12
3788 4
3789 5
3790 6
3791 7
3792 6
3793 5
3794 7
3795 4
3796 8
3797 3
3798 14
3799 7
3800 6
3801 7
3802 11
3803 8
3804 4
3805 6
3806 4
3807 5
3808 7
3809 3
3810 5
3811 12
3812 10
3813 3
3814 2
3815 4
3816 9
3817 4
3818 4
3819 5
3820 2
3821 10
3822 5
3823 8
3824 7
3825 6
3826 6
3827 3
3828 6
3829 17
3830 10
3831 7
3832 8
3833 5
3834 5
3835 5
3836 6
3837 4
3838 8
3839 8
3840 7
3841 11
3842 9
3843 5
3844 7
3845 6
3846 10
3847 7
3848 9
3849 6
3850 7
3851 7
3852 6
3853 9
3854 11
3855 5
3856 5
3857 8
3858 14
3859 10
3860 8
3861 8
3862 4
3863 3
3864 16
3865 6
3866 4
3867 7
3868 4
3869 5
3870 8
3871 8
3872 6
3873 6
3874 6
3875 8
3876 7
3877 6
3878 2
3879 9
3880 9
3881 5
3882 5
3883 5
3884 5
3885 7
3886 10
3887 5
3888 4
3889 6
3890 8
3891 7
3892 8
3893 10
3894 11
3895 5
3896 5
3897 4
3898 6
3899 7
3900 7
3901 5
3902 5
3903 5
3904 6
3905 7
3906 9
3907 8
3908 9
3909 4
3910 4
3911 7
3912 4
3913 2
3914 7
3915 11
3916 8
3917 6
3918 5
3919 5
3920 7
3921 9
3922 6
3923 6
3924 8
3925 9
3926 9
3927 10
3928 6
3929 3
3930 8
3931 9
3932 5
3933 5
3934 5
3935 8
3936 7
3937 7
3938 4
3939 10
3940 4
3941 10
3942 9
3943 4
3944 7
3945 10
3946 4
3947 10
3948 9
3949 9
3950 5
3951 7
3952 5
3953 8
3954 4
3955 14
3956 4
3957 8
3958 13
3959 8
3960 8
3961 9
3962 8
3963 7
3964 6
3965 1
3966 5
3967 5
3968 7
3969 7
3970 8
3971 9
3972 4
3973 8
3974 8
3975 5
3976 9
3977 13
3978 4
3979 8
3980 2
3981 4
3982 6
3983 5
3984 7
3985 6
3986 8
3987 3
3988 4
3989 3
3990 7
3991 9
3992 6
3993 6
3994 3
3995 7
3996 9
3997 4
3998 7
3999 7
4000 10
4001 6
4002 7
4003 5
4004 8
4005 8
4006 8
4007 7
4008 10
4009 6
4010 6
4011 7
4012 10
4013 2
4014 10
4015 10
4016 11
4017 7
4018 8
4019 10
4020 7
4021 7
4022 6
4023 9
4024 4
4025 2
4026 11
4027 8
4028 7
4029 6
4030 5
4031 10
4032 6
4033 7
4034 6
4035 10
4036 3
4037 5
4038 2
4039 6
4040 6
4041 5
4042 9
4043 5
4044 6
4045 9
4046 11
4047 5
4048 9
4049 4
4050 6
4051 13
4052 5
4053 8
4054 7
4055 11
4056 10
4057 5
4058 6
4059 2
4060 4
4061 7
4062 9
4063 5
4064 4
4065 5
4066 6
4067 5
4068 9
4069 3
4070 8
4071 4
4072 4
4073 7
4074 7
4075 4
4076 4
4077 3
4078 9
4079 9
4080 8
4081 9
4082 2
4083 10
4084 8
4085 4
4086 7
4087 7
4088 6
4089 9
4090 4
4091 7
4092 11
4093 11
4094 7
4095 7
4096 8
4097 3
4098 5
4099 4
4100 3
4101 9
4102 7
4103 10
4104 5
4105 9
4106 3
4107 10
4108 8
4109 9
4110 4
4111 10
4112 7
4113 5
4114 8
4115 8
4116 6
4117 3
4118 17
4119 5
4120 8
4121 5
4122 4
4123 6
4124 4
4125 7
4126 10
4127 4
4128 8
4129 14
4130 3
4131 2
4132 7
4133 7
4134 5
4135 3
4136 6
4137 1
4138 11
4139 7
4140 9
4141 6
4142 7
4143 3
4144 10
4145 9
4146 3
4147 10
4148 9
4149 11
4150 9
4151 10
4152 8
4153 9
4154 8
4155 7
4156 8
4157 10
4158 12
4159 10
4160 6
4161 12
4162 7
4163 6
4164 8
4165 6
4166 4
4167 8
4168 8
4169 5
4170 6
4171 6
4172 10
4173 6
4174 6
4175 4
4176 3
4177 6
4178 7
4179 3
4180 4
4181 7
4182 7
4183 8
4184 6
4185 9
4186 5
4187 7
4188 7
4189 10
4190 7
4191 7
4192 8
4193 10
4194 6
4195 8
4196 4
4197 6
4198 10
4199 7
4200 7
4201 5
4202 6
4203 8
4204 6
4205 4
4206 6
4207 7
4208 9
4209 5
4210 10
4211 8
4212 5
4213 8
4214 6
4215 6
4216 6
4217 9
4218 4
4219 12
4220 7
4221 4
4222 4
4223 6
4224 4
4225 10
4226 4
4227 10
4228 8
4229 11
4230 6
4231 6
4232 6
4233 4
4234 6
4235 5
4236 8
4237 2
4238 6
4239 8
4240 6
4241 4
4242 5
4243 8
4244 12
4245 9
4246 10
4247 8
4248 5
4249 9
4250 10
4251 7
4252 5
4253 8
4254 11
4255 3
4256 6
4257 6
4258 9
4259 7
4260 3
4261 7
4262 7
4263 8
4264 2
4265 8
4266 5
4267 11
4268 7
4269 6
4270 6
4271 3
4272 8
4273 5
4274 7
4275 8
4276 8
4277 6
4278 17
4279 11
4280 5
4281 6
4282 9
4283 9
4284 2
4285 6
4286 7
4287 8
4288 9
4289 3
4290 4
4291 9
4292 10
4293 9
4294 11
4295 3
4296 5
4297 11
4298 6
4299 6
4300 8
4301 6
4302 12
4303 8
4304 7
4305 6
4306 6
4307 4
4308 6
4309 5
4310 9
4311 7
4312 4
4313 5
4314 6
4315 10
4316 7
4317 10
4318 6
4319 6
4320 4
4321 6
4322 5
4323 6
4324 9
4325 6
4326 6
4327 4
4328 6
4329 4
4330 6
4331 10
4332 13
4333 10
4334 9
4335 6
4336 9
4337 6
4338 5
4339 7
4340 7
4341 3
4342 6
4343 5
4344 4
4345 9
4346 6
4347 3
4348 4
4349 4
4350 5
4351 6
4352 4
4353 9
4354 8
4355 10
4356 5
4357 7
4358 9
4359 6
4360 5
4361 1
4362 12
4363 5
4364 5
4365 3
4366 7
4367 9
4368 8
4369 4
4370 7
4371 11
4372 7
4373 6
4374 6
4375 5
4376 9
4377 11
4378 5
4379 6
4380 4
4381 7
4382 10
4383 5
4384 9
4385 9
4386 5
4387 3
4388 7
4389 8
4390 6
4391 7
4392 7
4393 10
4394 4
4395 9
4396 11
4397 7
4398 6
4399 9
4400 7
4401 11
4402 3
4403 3
4404 6
4405 6
4406 11
4407 9
4408 8
4409 6
4410 8
4411 9
4412 5
4413 11
4414 9
4415 7
4416 9
4417 11
4418 6
4419 8
4420 8
4421 9
4422 9
4423 7
4424 13
4425 7
4426 9
4427 3
4428 6
4429 5
4430 5
4431 3
4432 12
4433 7
4434 6
4435 6
4436 3
4437 6
4438 3
4439 8
4440 7
4441 6
4442 6
4443 8
4444 7
4445 10
4446 8
4447 9
4448 6
4449 9
4450 6
4451 6
4452 6
4453 4
4454 15
4455 7
4456 8
4457 10
4458 3
4459 5
4460 8
4461 7
4462 8
4463 9
4464 11
4465 2
4466 4
4467 8
4468 9
4469 7
4470 5
4471 5
4472 6
4473 4
4474 3
4475 6
4476 6
4477 5
4478 7
4479 12
4480 6
4481 3
4482 7
4483 6
4484 1
4485 3
4486 5
4487 4
4488 6
4489 6
4490 7
4491 4
4492 9
4493 7
4494 6
4495 10
4496 6
4497 5
4498 12
4499 8
4500 6
4501 6
4502 5
4503 5
4504 9
4505 12
4506 6
4507 8
4508 6
4509 10
4510 6
4511 11
4512 5
4513 8
4514 13
4515 6
4516 5
4517 6
4518 6
4519 6
4520 9
4521 5
4522 10
4523 7
4524 9
4525 4
4526 8
4527 6
4528 13
4529 7
4530 11
4531 4
4532 5
4533 7
4534 9
4535 9
4536 9
4537 4
4538 4
4539 3
4540 6
4541 5
4542 7
4543 6
4544 9
4545 4
4546 6
4547 6
4548 5
4549 8
4550 10
4551 9
4552 5
4553 4
4554 7
4555 4
4556 7
4557 9
4558 5
4559 5
4560 10
4561 11
4562 6
4563 9
4564 4
4565 5
4566 8
4567 7
4568 3
4569 9
4570 3
4571 3
4572 3
4573 8
4574 4
4575 12
4576 5
4577 10
4578 11
4579 4
4580 6
4581 4
4582 9
4583 12
4584 5
4585 3
4586 12
4587 8
4588 9
4589 8
4590 5
4591 5
4592 8
4593 1
4594 9
4595 7
4596 6
4597 9
4598 8
4599 5
4600 6
4601 3
4602 3
4603 4
4604 5
4605 5
4606 7
4607 7
4608 4
4609 7
4610 5
4611 7
4612 9
4613 8
4614 6
4615 4
4616 9
4617 7
4618 3
4619 7
4620 6
4621 4
4622 11
4623 7
4624 5
4625 7
4626 6
4627 6
4628 6
4629 13
4630 8
4631 11
4632 10
4633 8
4634 6
4635 9
4636 5
4637 11
4638 4
4639 7
4640 6
4641 8
4642 6
4643 6
4644 10
4645 12
4646 7
4647 10
4648 8
4649 8
4650 7
4651 4
4652 5
4653 7
4654 7
4655 6
4656 6
4657 12
4658 4
4659 7
4660 3
4661 8
4662 5
4663 6
4664 7
4665 5
4666 10
4667 3
4668 7
4669 5
4670 3
4671 5
4672 8
4673 5
4674 8
4675 7
4676 7
4677 9
4678 5
4679 4
4680 4
4681 10
4682 3
4683 4
4684 11
4685 7
4686 7
4687 12
4688 10
4689 6
4690 7
4691 7
4692 7
4693 5
4694 4
4695 7
4696 11
4697 10
4698 7
4699 7
4700 6
4701 8
4702 13
4703 8
4704 7
4705 8
4706 4
4707 6
4708 7
4709 8
4710 7
4711 6
4712 5
4713 5
4714 5
4715 10
4716 5
4717 5
4718 5
4719 8
4720 7
4721 6
4722 4
4723 7
4724 8
4725 8
4726 6
4727 2
4728 7
4729 9
4730 7
4731 12
4732 4
4733 2
4734 5
4735 6
4736 5
4737 8
4738 6
4739 6
4740 4
4741 7
4742 6
4743 7
4744 8
4745 8
4746 10
4747 4
4748 11
4749 7
4750 6
4751 7
4752 8
4753 10
4754 7
4755 4
4756 3
4757 14
4758 10
4759 5
4760 6
4761 9
4762 8
4763 10
4764 4
4765 9
4766 5
4767 7
4768 6
4769 7
4770 8
4771 5
4772 6
4773 6
4774 7
4775 8
4776 5
4777 7
4778 5
4779 11
4780 11
4781 7
4782 5
4783 1
4784 4
4785 4
4786 5
4787 11
4788 8
4789 4
4790 6
4791 11
4792 5
4793 3
4794 8
4795 9
4796 5
4797 3
4798 9
4799 6
4800 3
4801 8
4802 8
4803 5
4804 6
4805 7
4806 8
4807 5
4808 6
4809 7
4810 10
4811 5
4812 10
4813 5
4814 9
4815 3
4816 6
4817 8
4818 7
4819 5
4820 4
4821 6
4822 4
4823 4
4824 7
4825 8
4826 6
4827 8
4828 9
4829 10
4830 10
4831 11
4832 10
4833 9
4834 4
4835 5
4836 4
4837 7
4838 5
4839 10
4840 6
4841 5
4842 7
4843 6
4844 7
4845 9
4846 3
4847 6
4848 6
4849 7
4850 7
4851 7
4852 8
4853 6
4854 8
4855 9
4856 9
4857 3
4858 6
4859 6
4860 7
4861 6
4862 3
4863 5
4864 11
4865 9
4866 11
4867 1
4868 5
4869 4
4870 7
4871 8
4872 9
4873 10
4874 11
4875 4
4876 5
4877 8
4878 5
4879 11
4880 8
4881 7
4882 7
4883 7
4884 5
4885 9
4886 9
4887 10
4888 4
4889 13
4890 8
4891 4
4892 9
4893 3
4894 6
4895 5
4896 10
4897 8
4898 4
4899 9
4900 9
4901 4
4902 11
4903 4
4904 7
4905 9
4906 5
4907 9
4908 7
4909 2
4910 9
4911 5
4912 9
4913 9
4914 6
4915 3
4916 8
4917 7
4918 5
4919 6
4920 8
4921 4
4922 6
4923 3
4924 5
4925 13
4926 10
4927 5
4928 4
4929 7
4930 12
4931 10
4932 4
4933 6
4934 6
4935 3
4936 6
4937 12
4938 5
4939 5
4940 6
4941 6
4942 8
4943 4
4944 10
4945 8
4946 7
4947 10
4948 4
4949 7
4950 5
4951 2
4952 7
4953 4
4954 9
4955 6
4956 6
4957 5
4958 6
4959 6
4960 5
4961 6
4962 5
4963 9
4964 7
4965 8
4966 8
4967 3
4968 7
4969 1
4970 9
4971 7
4972 7
4973 6
4974 7
4975 9
4976 6
4977 10
4978 5
4979 5
4980 6
4981 5
4982 8
4983 2
4984 3
4985 4
4986 8
4987 0
4988 7
4989 9
4990 2
4991 6
4992 6
4993 6
4994 8
4995 7
4996 9
4997 7
4998 11
4999 12
